# t (s)	mx ()	my ()	mz ()	m_z_yrange7_ ()	I_x (A)
0	0.08371634	3.2221775e-05	-0.6541677	-0.6550113	-8e-06
1.0028171212158937e-11	0.08371734	0.00019587795	-0.6541395	-0.65498364	-8e-06
2.0015563225872203e-11	0.083719485	0.00035427566	-0.6540673	-0.654911	-8e-06
3.0000452981507346e-11	0.08372092	0.0005081915	-0.6539513	-0.65479505	-8e-06
4.003037626213564e-11	0.08371992	0.00065809203	-0.6537925	-0.6546361	-8e-06
5e-11	0.08371807	0.00080376596	-0.6535935	-0.6544367	-8e-06
6.002553436348752e-11	0.08371672	0.0009470568	-0.653353	-0.65419596	-8e-06
7.004293796517093e-11	0.08371684	0.0010865468	-0.6530737	-0.6539165	-8e-06
8.000635775697716e-11	0.08371823	0.001220321	-0.65275836	-0.6536008	-8e-06
9.00223228298778e-11	0.08371979	0.0013493055	-0.652405	-0.653247	-8e-06
1e-10	0.0837203	0.0014727423	-0.65201795	-0.65285945	-8e-06
1.1005160471327215e-10	0.083719745	0.0015925722	-0.6515939	-0.65243495	-8e-06
1.200131603404757e-10	0.083719164	0.001707237	-0.65114135	-0.65198183	-8e-06
1.3002708178540502e-10	0.08371951	0.0018180178	-0.6506553	-0.6514952	-8e-06
1.4004069666019573e-10	0.08372116	0.0019239449	-0.6501394	-0.65097874	-8e-06
1.5e-10	0.08372342	0.0020237265	-0.6495981	-0.6504369	-8e-06
1.6001504942775067e-10	0.08372537	0.0021184664	-0.649027	-0.64986503	-8e-06
1.700284158370059e-10	0.08372678	0.002207846	-0.64843035	-0.64926785	-8e-06
1.8004163739565596e-10	0.083728015	0.0022921201	-0.6478098	-0.64864653	-8e-06
1.900018863075245e-10	0.08372963	0.0023711943	-0.6471701	-0.64800614	-8e-06
2e-10	0.0837323	0.0024456272	-0.64650697	-0.6473423	-8e-06
2.100179500803173e-10	0.08373583	0.002514629	-0.64582306	-0.6466576	-8e-06
2.2003015428751272e-10	0.08373957	0.0025777174	-0.64512134	-0.6459552	-8e-06
2.3004211652739608e-10	0.08374316	0.0026350676	-0.6444033	-0.6452363	-8e-06
2.400011743294759e-10	0.083746605	0.002686749	-0.6436741	-0.64450634	-8e-06
2.5e-10	0.083750315	0.002733589	-0.64292854	-0.64376	-8e-06
2.6001713586192913e-10	0.08375471	0.0027754493	-0.6421697	-0.64300036	-8e-06
2.700286676444212e-10	0.083759815	0.0028119183	-0.64140075	-0.64223063	-8e-06
2.800402007109157e-10	0.08376537	0.0028428447	-0.6406229	-0.64145195	-8e-06
2.9005164014863346e-10	0.08377112	0.0028682395	-0.63983756	-0.6406657	-8e-06
3e-10	0.083776884	0.0028882308	-0.63905114	-0.63987845	-8e-06
3.100167044783698e-10	0.08378279	0.0029033667	-0.6382548	-0.6390813	-8e-06
3.2002810989225594e-10	0.08378903	0.0029137125	-0.6374556	-0.6382812	-8e-06
3.3003948219666134e-10	0.08379574	0.0029193086	-0.6366546	-0.6374795	-8e-06
3.40050870610345e-10	0.08380292	0.0029200728	-0.6358531	-0.63667715	-8e-06
3.5e-10	0.08381036	0.002916039	-0.6350575	-0.63588065	-8e-06
3.6001622301160386e-10	0.08381795	0.0029073367	-0.63425857	-0.6350809	-8e-06
3.700272123456711e-10	0.083825566	0.0028942863	-0.63346344	-0.63428485	-8e-06
3.8003820906130867e-10	0.08383329	0.0028771656	-0.63267267	-0.6334933	-8e-06
3.900492922755415e-10	0.08384122	0.0028561528	-0.63188773	-0.6327074	-8e-06
4.0005325417473623e-10	0.08384941	0.0028313554	-0.63110983	-0.63192874	-8e-06
4.1001561924923364e-10	0.083857775	0.0028029683	-0.630343	-0.6311611	-8e-06
4.200262422330119e-10	0.083866276	0.002770884	-0.6295812	-0.6303984	-8e-06
4.3003664467752663e-10	0.08387477	0.0027354471	-0.62882894	-0.62964535	-8e-06
4.400465635257404e-10	0.08388318	0.0026969244	-0.6280873	-0.6289029	-8e-06
4.5005296682688906e-10	0.083891556	0.0026556011	-0.6273573	-0.6281721	-8e-06
4.600128802365559e-10	0.08389991	0.0026118795	-0.62664264	-0.6274567	-8e-06
4.700228519288833e-10	0.083908364	0.0025654712	-0.6259372	-0.62675047	-8e-06
4.800329666867483e-10	0.083916835	0.0025166888	-0.6252453	-0.62605774	-8e-06
4.90043228015074e-10	0.08392524	0.0024656963	-0.6245674	-0.6253791	-8e-06
5.000527630316578e-10	0.083933465	0.0024127278	-0.6239042	-0.62471515	-8e-06
5.100114931660156e-10	0.08394144	0.0023583167	-0.62325937	-0.6240696	-8e-06
5.200222113307664e-10	0.08394928	0.0023021083	-0.6226267	-0.62343615	-8e-06
5.300330462974863e-10	0.083957024	0.0022445424	-0.62201005	-0.6228188	-8e-06
5.400439463997206e-10	0.08396469	0.0021857417	-0.6214097	-0.6222178	-8e-06
5.50052866605183e-10	0.08397223	0.0021258306	-0.6208262	-0.62163347	-8e-06
5.600130875284962e-10	0.083979525	0.0020652292	-0.6202622	-0.6210689	-8e-06
5.70024247331413e-10	0.083986565	0.0020035012	-0.61971253	-0.6205185	-8e-06
5.800354111678734e-10	0.08399334	0.0019411528	-0.6191801	-0.61998546	-8e-06
5.900465823961473e-10	0.08399987	0.0018783563	-0.6186653	-0.61947	-8e-06
6e-10	0.084006235	0.0018155873	-0.6181708	-0.6189749	-8e-06
6.100148266649074e-10	0.08401247	0.0017521508	-0.6176909	-0.61849445	-8e-06
6.20025821967716e-10	0.08401848	0.0016885167	-0.6172289	-0.618032	-8e-06
6.300366984517691e-10	0.08402421	0.0016247706	-0.61678475	-0.6175872	-8e-06
6.400473320453398e-10	0.08402964	0.0015610629	-0.6163584	-0.6171603	-8e-06
6.5e-10	0.08403476	0.0014978993	-0.615952	-0.6167534	-8e-06
6.600142400942043e-10	0.0840397	0.0014346093	-0.61556077	-0.61636174	-8e-06
6.700245332995997e-10	0.084044464	0.001371647	-0.6151873	-0.61598766	-8e-06
6.800346920368739e-10	0.08404903	0.0013090152	-0.6148312	-0.6156313	-8e-06
6.900447845587936e-10	0.08405335	0.001246754	-0.6144927	-0.61529225	-8e-06
7.000000000000001e-10	0.08405736	0.0011852895	-0.61417305	-0.61497223	-8e-06
7.100119236242308e-10	0.084061116	0.0011240311	-0.6138686	-0.6146674	-8e-06
7.200219159918421e-10	0.08406463	0.0010634251	-0.6135813	-0.6143797	-8e-06
7.300318801785459e-10	0.08406798	0.0010034867	-0.61331064	-0.61410874	-8e-06
7.400418483645925e-10	0.08407114	0.00094421237	-0.6130567	-0.6138544	-8e-06
7.500000000000001e-10	0.08407409	0.00088591216	-0.6128202	-0.6136177	-8e-06
7.6001920163047e-10	0.08407682	0.00082796277	-0.6125986	-0.6133957	-8e-06
7.700291785544775e-10	0.0840793	0.0007708454	-0.6123931	-0.6131899	-8e-06
7.800390998553093e-10	0.08408154	0.00071456295	-0.6122033	-0.6129999	-8e-06
7.900490544405216e-10	0.08408362	0.0006591353	-0.61202914	-0.6128255	-8e-06
8.000000000000001e-10	0.08408551	0.00060488295	-0.61187106	-0.61266726	-8e-06
8.100143499720588e-10	0.08408726	0.0005511218	-0.6117271	-0.612523	-8e-06
8.200244431195422e-10	0.08408883	0.0004982436	-0.6115979	-0.61239374	-8e-06
8.300346195978582e-10	0.08409018	0.00044624135	-0.61148334	-0.61227906	-8e-06
8.400448073246666e-10	0.084091336	0.00039515807	-0.61138314	-0.6121787	-8e-06
8.500000000000002e-10	0.084092334	0.0003452899	-0.61129737	-0.61209285	-8e-06
8.600123967282192e-10	0.08409318	0.00029607996	-0.61122495	-0.6120203	-8e-06
8.700227738020227e-10	0.0840939	0.00024780925	-0.61116606	-0.61196125	-8e-06
8.800332324255578e-10	0.084094465	0.00020045698	-0.61112046	-0.61191565	-8e-06
8.900437414505519e-10	0.084094875	0.0001540334	-0.6110879	-0.61188304	-8e-06
9.000000000000002e-10	0.084095106	0.000108798944	-0.6110682	-0.61186326	-8e-06
9.100120511254436e-10	0.08409519	6.427656e-05	-0.6110608	-0.61185586	-8e-06
9.200227066497229e-10	0.08409512	2.0724436e-05	-0.6110656	-0.6118608	-8e-06
9.300333974190085e-10	0.08409497	-2.1873415e-05	-0.61108243	-0.6118776	-8e-06
9.40044116260845e-10	0.08409475	-6.350418e-05	-0.611111	-0.61190623	-8e-06
9.500000000000002e-10	0.0840944	-0.00010396252	-0.6111507	-0.611946	-8e-06
9.600127511583886e-10	0.08409388	-0.00014368305	-0.61120176	-0.6119971	-8e-06
9.700235589641059e-10	0.08409321	-0.00018244366	-0.6112638	-0.61205924	-8e-06
9.800343492949411e-10	0.08409244	-0.00022024412	-0.61133635	-0.61213195	-8e-06
9.900451631615838e-10	0.08409158	-0.00025707553	-0.61141944	-0.61221504	-8e-06
1.0000000000000003e-09	0.084090665	-0.00029273028	-0.61151195	-0.6123077	-8e-06
1.0100135602396126e-09	0.08705987	-0.0010156662	-0.6111653	-0.61195755	-8e-06
1.0200243836610055e-09	0.08829514	-0.0039003969	-0.61079955	-0.61159027	-8e-06
1.0300352386622864e-09	0.08698624	-0.0060982546	-0.61042726	-0.6112197	-8e-06
1.0400460812855365e-09	0.08437746	-0.0057522696	-0.6100351	-0.61082923	-8e-06
1.0500000000000003e-09	0.08261314	-0.0034958	-0.60960734	-0.6104008	-8e-06
1.0600140608226382e-09	0.083045565	-0.0013889876	-0.6091405	-0.60993195	-8e-06
1.0700248541797694e-09	0.08520629	-0.0010014649	-0.6086427	-0.6094324	-8e-06
1.0800356178008302e-09	0.08721877	-0.0022644312	-0.6081181	-0.6089077	-8e-06
1.090046342161882e-09	0.08744561	-0.0038586196	-0.60757256	-0.6083619	-8e-06
1.1000000000000003e-09	0.0858391	-0.004457817	-0.60700876	-0.6077975	-8e-06
1.1100140274024741e-09	0.08383853	-0.0037062732	-0.6064204	-0.6072078	-8e-06
1.1200247460548929e-09	0.0831296	-0.0022845308	-0.60581124	-0.60659796	-8e-06
1.1300354286693583e-09	0.08419533	-0.0012891341	-0.60517895	-0.60596514	-8e-06
1.1400461473207912e-09	0.086011834	-0.0013483178	-0.6045181	-0.6053036	-8e-06
1.1500000000000004e-09	0.087020084	-0.0022543843	-0.60383415	-0.6046184	-8e-06
1.1600139986631986e-09	0.08646793	-0.003172118	-0.6031277	-0.60391045	-8e-06
1.1700247454554978e-09	0.084951386	-0.0033401144	-0.6024078	-0.60318947	-8e-06
1.1800355284440655e-09	0.083809994	-0.00264542	-0.6016742	-0.602455	-8e-06
1.1900463151547548e-09	0.08393467	-0.001638425	-0.600922	-0.60170233	-8e-06
1.2000000000000004e-09	0.08508829	-0.0010823818	-0.60014987	-0.6009294	-8e-06
1.2100142066659883e-09	0.086249106	-0.0013219616	-0.59934735	-0.6001252	-8e-06
1.220025067469218e-09	0.08646979	-0.0020702763	-0.5985259	-0.599302	-8e-06
1.23003594797663e-09	0.085665196	-0.0026462849	-0.5976933	-0.5984681	-8e-06
1.2400468132945234e-09	0.08459768	-0.002538481	-0.59685	-0.5976241	-8e-06
1.2500000000000004e-09	0.08416169	-0.001834965	-0.5959964	-0.5967697	-8e-06
1.2600146383712684e-09	0.08463719	-0.0011052572	-0.59511733	-0.59588945	-8e-06
1.270025587685139e-09	0.08554552	-0.0009106139	-0.59421694	-0.5949875	-8e-06
1.2800365502733288e-09	0.08610893	-0.0013115357	-0.59329826	-0.5940671	-8e-06
1.2900468564298827e-09	0.08591645	-0.0018721318	-0.5923665	-0.59313405	-8e-06
1.3000000000000005e-09	0.08521692	-0.0020791483	-0.5914295	-0.59219587	-8e-06
1.3100124753785305e-09	0.08462013	-0.0017720911	-0.5904739	-0.5912393	-8e-06
1.3200219964541689e-09	0.084587224	-0.0012109313	-0.5895027	-0.5902667	-8e-06
1.330031523521039e-09	0.08507506	-0.00081430556	-0.5885136	-0.5892762	-8e-06
1.3400410334846792e-09	0.08564261	-0.00082793675	-0.5875071	-0.58826834	-8e-06
1.3500000000000005e-09	0.08584315	-0.0011609051	-0.5864911	-0.58725077	-8e-06
1.3600309769906914e-09	0.08556346	-0.0014975809	-0.58545536	-0.5862136	-8e-06
1.3700404171766894e-09	0.08506818	-0.001533862	-0.5844103	-0.5851672	-8e-06
1.3800498510629845e-09	0.08476302	-0.0012161315	-0.5833525	-0.5841082	-8e-06
1.39000662669071e-09	0.08486828	-0.00077938876	-0.5822853	-0.5830399	-8e-06
1.4000000000000005e-09	0.08526624	-0.00054227	-0.5811981	-0.58195114	-8e-06
1.4100150032878425e-09	0.08562072	-0.0006522566	-0.5800931	-0.5808445	-8e-06
1.420024509050049e-09	0.08565476	-0.0009610661	-0.5789757	-0.57972556	-8e-06
1.4300340287237536e-09	0.08536728	-0.0011599181	-0.5778472	-0.5785957	-8e-06
1.4400435672468794e-09	0.08501298	-0.001048868	-0.57670724	-0.57745457	-8e-06
1.4500000000000006e-09	0.084881134	-0.00070456514	-0.5755605	-0.57630664	-8e-06
1.4600100066618223e-09	0.08505876	-0.00039155036	-0.57439303	-0.5751378	-8e-06
1.470019598291415e-09	0.085379265	-0.00033236065	-0.5732111	-0.5739542	-8e-06
1.4800292178643706e-09	0.0855736	-0.00051685463	-0.5720159	-0.5727576	-8e-06
1.4900388452865698e-09	0.08549646	-0.00073151203	-0.5708094	-0.57154965	-8e-06
1.5000000000000006e-09	0.085234	-0.0007580749	-0.56959784	-0.5703369	-8e-06
1.5100254739613728e-09	0.08501029	-0.00055591034	-0.5683666	-0.5691044	-8e-06
1.5200351980726636e-09	0.08500378	-0.00027913152	-0.5671244	-0.5678608	-8e-06
1.5300449278456506e-09	0.08520131	-0.00012797306	-0.5658687	-0.56660366	-8e-06
1.5400019981092743e-09	0.0854257	-0.00017501622	-0.5646067	-0.5653402	-8e-06
1.5500000000000006e-09	0.08549606	-0.00032176168	-0.5633273	-0.56405956	-8e-06
1.560015319514401e-09	0.08536805	-0.0004015553	-0.5620341	-0.56276494	-8e-06
1.5700251418438336e-09	0.08516188	-0.00032327196	-0.5607298	-0.5614593	-8e-06
1.5800349925122787e-09	0.08504996	-0.00013393244	-0.559413	-0.5601412	-8e-06
1.590044915955609e-09	0.085114114	3.9796036e-05	-0.55808306	-0.5588099	-8e-06
1.6000000000000007e-09	0.08528668	0.0001017341	-0.55674654	-0.5574719	-8e-06
1.6100118206340721e-09	0.08542102	5.54205e-05	-0.5553884	-0.5561123	-8e-06
1.6200217680880165e-09	0.08541109	-1.3307333e-05	-0.55401665	-0.5547391	-8e-06
1.6300317379970859e-09	0.085276455	-8.9413925e-06	-0.55263114	-0.55335224	-8e-06
1.6400417256953084e-09	0.08513517	9.971787e-05	-0.5512314	-0.5519511	-8e-06
1.6500000000000007e-09	0.08510048	0.00026051432	-0.5498236	-0.5505419	-8e-06
1.6600262789153241e-09	0.08519053	0.00038844993	-0.5483895	-0.5491063	-8e-06
1.6700363270405897e-09	0.0853211	0.0004309553	-0.54693997	-0.5476553	-8e-06
1.680046398644147e-09	0.08538118	0.00041200087	-0.5454724	-0.54618615	-8e-06
1.6900038058071155e-09	0.08532571	0.00040564587	-0.5439943	-0.5447065	-8e-06
1.7000000000000007e-09	0.08520583	0.00047157987	-0.5424916	-0.54320234	-8e-06
1.7100156945727612e-09	0.0851207	0.0006086059	-0.54096574	-0.541675	-8e-06
1.720025810414215e-09	0.08513335	0.0007603659	-0.5394189	-0.54012644	-8e-06
1.7300359280641414e-09	0.08522111	0.0008679703	-0.5378488	-0.53855455	-8e-06
1.740046056414767e-09	0.08530104	0.00091779104	-0.5362542	-0.5369584	-8e-06
1.7500000000000008e-09	0.08530275	0.0009466909	-0.5346439	-0.5353464	-8e-06
1.760013016393714e-09	0.08522487	0.0010068372	-0.5329985	-0.53369915	-8e-06
1.7700231870471077e-09	0.08513068	0.001122469	-0.53132665	-0.5320255	-8e-06
1.7800333885387204e-09	0.085090995	0.0012749336	-0.5296268	-0.53032374	-8e-06
1.790043590140711e-09	0.08512482	0.0014222449	-0.5278972	-0.5285922	-8e-06
1.8000000000000008e-09	0.08518798	0.001533287	-0.52614665	-0.5268396	-8e-06
1.810011256921604e-09	0.08521645	0.0016115572	-0.5243552	-0.52504617	-8e-06
1.8200214501673084e-09	0.08517906	0.0016859903	-0.52253217	-0.52322096	-8e-06
1.830031684242339e-09	0.08510124	0.001788242	-0.5206771	-0.5213636	-8e-06
1.8400418885731125e-09	0.08503831	0.0019273865	-0.5187894	-0.51947373	-8e-06
1.8500000000000008e-09	0.08502728	0.0020835162	-0.5168786	-0.51756054	-8e-06
1.8600420032868075e-09	0.08505881	0.0022275997	-0.51491797	-0.5155974	-8e-06
1.870052235593713e-09	0.08508964	0.00233897	-0.51292986	-0.51360667	-8e-06
1.880009794696404e-09	0.08508152	0.0024249617	-0.5109193	-0.51159346	-8e-06
1.890020034158613e-09	0.08503133	0.0025124988	-0.50886583	-0.5095371	-8e-06
1.900000000000001e-09	0.08497034	0.0026234034	-0.50678694	-0.5074554	-8e-06
1.9100107255732464e-09	0.08493508	0.0027585141	-0.50467056	-0.505336	-8e-06
1.9200209781931062e-09	0.08493833	0.002895293	-0.5025238	-0.5031861	-8e-06
1.930031282308037e-09	0.08496071	0.003008287	-0.50034726	-0.50100636	-8e-06
1.9400415474397465e-09	0.08496992	0.0030902175	-0.49814233	-0.49879813	-8e-06
1.950000000000001e-09	0.08494834	0.0031566483	-0.4959221	-0.4965745	-8e-06
1.960020099341138e-09	0.08490519	0.0032323126	-0.49366263	-0.4943115	-8e-06
1.9700303633783227e-09	0.08486703	0.0033279445	-0.49138093	-0.49202627	-8e-06
1.9800406294043897e-09	0.0848541	0.0034335752	-0.48907566	-0.4897174	-8e-06
1.990050902032956e-09	0.08486485	0.0035284262	-0.4867478	-0.4873858	-8e-06
2.000000000000001e-09	0.08487935	0.0035994065	-0.48441273	-0.48504695	-8e-06
2.010015248168604e-09	0.0848775	0.0036528914	-0.48204157	-0.4826719	-8e-06
2.020025508544359e-09	0.08485441	0.003706036	-0.47965175	-0.48027816	-8e-06
2.0300357805599396e-09	0.08482286	0.0037733547	-0.47724265	-0.47786513	-8e-06
2.0400460376709782e-09	0.08480097	0.0038550945	-0.47481436	-0.47543287	-8e-06
2.050000000000001e-09	0.0847971	0.0039387303	-0.47238088	-0.47299528	-8e-06
2.060013184084671e-09	0.084804215	0.004012509	-0.46991384	-0.47052416	-8e-06
2.0700234712691633e-09	0.08480694	0.004073104	-0.4674284	-0.46803465	-8e-06
2.0800337286132335e-09	0.08479436	0.0041291164	-0.46492386	-0.465526	-8e-06
2.090043957216908e-09	0.08476818	0.004192528	-0.4624001	-0.462998	-8e-06
2.100000000000001e-09	0.08474023	0.0042683957	-0.45987055	-0.4604644	-8e-06
2.1100115021758704e-09	0.08472164	0.0043528895	-0.45730722	-0.4578969	-8e-06
2.1200216382113904e-09	0.084714815	0.0044354023	-0.45472416	-0.45530978	-8e-06
2.1300317730473286e-09	0.08471179	0.0045087216	-0.45212117	-0.45270267	-8e-06
2.140041841918239e-09	0.08470172	0.0045737196	-0.4494983	-0.4500758	-8e-06
2.150000000000001e-09	0.08468014	0.0046370355	-0.4468697	-0.4474432	-8e-06
2.1600142846418265e-09	0.08465166	0.004705698	-0.44420725	-0.44477683	-8e-06
2.170024309331833e-09	0.0846261	0.004779434	-0.44152746	-0.4420932	-8e-06
2.1800343212180253e-09	0.08461002	0.004852066	-0.43882996	-0.4393919	-8e-06
2.190044290258851e-09	0.08460188	0.0049160775	-0.43611583	-0.43667412	-8e-06
2.200000000000001e-09	0.08459434	0.0049678707	-0.43340114	-0.43395585	-8e-06
2.2100113876412636e-09	0.08458075	0.005010363	-0.43065757	-0.43120876	-8e-06
2.220021311524617e-09	0.0845608	0.00504812	-0.42790222	-0.42845005	-8e-06
2.2300312319304806e-09	0.08454019	0.005083772	-0.42513674	-0.4256813	-8e-06
2.2400411828867924e-09	0.084525704	0.005115292	-0.42236322	-0.42290458	-8e-06
2.250000000000001e-09	0.084519796	0.005137477	-0.4195982	-0.42013636	-8e-06
2.2600118299738806e-09	0.08451916	0.0051462627	-0.41681507	-0.4173502	-8e-06
2.2700217105288707e-09	0.08451818	0.0051408326	-0.41403183	-0.41456395	-8e-06
2.2800315681779434e-09	0.08451361	0.0051239147	-0.4112508	-0.41177988	-8e-06
2.2900413774908974e-09	0.08450717	0.005098783	-0.40847492	-0.40900105	-8e-06
2.300000000000001e-09	0.084503695	0.005066551	-0.4057214	-0.40624458	-8e-06
2.310007828788577e-09	0.08450714	0.005024739	-0.40296546	-0.4034857	-8e-06
2.3200176601480653e-09	0.0845176	0.0049700434	-0.40022343	-0.4007407	-8e-06
2.3300274501586314e-09	0.08453167	0.004900506	-0.39749908	-0.3980134	-8e-06
2.340037295147063e-09	0.08454544	0.0048171114	-0.39479563	-0.395307	-8e-06
2.350000000000001e-09	0.0845577	0.0047234027	-0.39212877	-0.3926372	-8e-06
2.360045994691656e-09	0.084570765	0.0046209767	-0.38946673	-0.38997215	-8e-06
2.3700031665374233e-09	0.08458778	0.0045124595	-0.38685775	-0.38736022	-8e-06
2.3800129878637637e-09	0.08461063	0.0043953443	-0.38426718	-0.3847666	-8e-06
2.3900227975917315e-09	0.08463773	0.004269138	-0.38171092	-0.38220733	-8e-06
2.4000000000000012e-09	0.08466556	0.004135071	-0.3791989	-0.37969238	-8e-06
2.410005939207525e-09	0.0846915	0.0039953087	-0.37671706	-0.37720755	-8e-06
2.42001581633468e-09	0.084715284	0.0038540515	-0.3742725	-0.37476006	-8e-06
2.4300257083376663e-09	0.084738836	0.003714245	-0.3718666	-0.3723513	-8e-06
2.4400355643582875e-09	0.08476415	0.003576931	-0.36949927	-0.3699811	-8e-06
2.4500000000000013e-09	0.084791295	0.0034426188	-0.36718032	-0.36765936	-8e-06
2.4600086037805657e-09	0.084818475	0.0033104143	-0.36488783	-0.36536413	-8e-06
2.4700185063856785e-09	0.08484295	0.0031826529	-0.3626304	-0.36310402	-8e-06
2.4800284468410354e-09	0.08486344	0.0030622068	-0.36040634	-0.36087736	-8e-06
2.4900383937429508e-09	0.084880725	0.002951738	-0.3582135	-0.358682	-8e-06
2.5000000000000013e-09	0.08489666	0.0028530275	-0.35605967	-0.3565257	-8e-06
2.510028106114075e-09	0.08491262	0.0027648706	-0.35391718	-0.35438076	-8e-06
2.5200380699209135e-09	0.08492804	0.002687558	-0.35180122	-0.3522624	-8e-06
2.5300479927215656e-09	0.08494119	0.0026210689	-0.34970462	-0.35016343	-8e-06
2.540005286654006e-09	0.08495055	0.0025668354	-0.3476348	-0.34809133	-8e-06
2.5500000000000013e-09	0.08495608	0.0025259245	-0.34556955	-0.34602374	-8e-06
2.5600155694877146e-09	0.08495901	0.0024995024	-0.34350872	-0.3439606	-8e-06
2.570025607397537e-09	0.08496076	0.0024875656	-0.3414539	-0.34190357	-8e-06
2.5800356167394026e-09	0.08496175	0.0024892695	-0.33940038	-0.3398477	-8e-06
2.5900456428881174e-09	0.08496115	0.0025039157	-0.33734426	-0.33778924	-8e-06
2.6000000000000014e-09	0.084957644	0.0025313573	-0.33529323	-0.33573586	-8e-06
2.610012521152521e-09	0.0849505	0.0025725763	-0.33322012	-0.3336603	-8e-06
2.6200225827302586e-09	0.08494015	0.002628073	-0.33113363	-0.3315713	-8e-06
2.6300326446111684e-09	0.08492765	0.0026978443	-0.32902956	-0.3294646	-8e-06
2.6400427111479416e-09	0.084913716	0.0027811585	-0.32690427	-0.3273366	-8e-06
2.6500000000000014e-09	0.08489826	0.0028765034	-0.32476556	-0.32519507	-8e-06
2.6600102591167445e-09	0.084880196	0.0029841936	-0.32258725	-0.3230138	-8e-06
2.6700203184503024e-09	0.084858716	0.0031035289	-0.32037738	-0.32080078	-8e-06
2.680030419874049e-09	0.08483367	0.0032344544	-0.31813273	-0.31855288	-8e-06
2.690040541674625e-09	0.084805645	0.003376569	-0.31585032	-0.31626695	-8e-06
2.7000000000000014e-09	0.0847756	0.0035280243	-0.31353924	-0.31395227	-8e-06
2.710028358249639e-09	0.08474352	0.0036890975	-0.31116918	-0.31157833	-8e-06
2.7200384875412765e-09	0.08470946	0.0038567232	-0.30875832	-0.30916345	-8e-06
2.730048630965057e-09	0.084672876	0.004029581	-0.3063007	-0.3067016	-8e-06
2.7400060618191105e-09	0.084633894	0.004205253	-0.30380836	-0.30420488	-8e-06
2.7500000000000015e-09	0.08459275	0.004383704	-0.30125847	-0.30165035	-8e-06
2.760015663145294e-09	0.08455053	0.0045626806	-0.2986541	-0.2990412	-8e-06
2.7700257728883035e-09	0.0845084	0.0047392375	-0.29600284	-0.296385	-8e-06
2.780035935964402e-09	0.08446698	0.0049108197	-0.29330418	-0.29368132	-8e-06
2.7900461227399646e-09	0.08442659	0.0050749127	-0.29056	-0.29093203	-8e-06
2.8000000000000015e-09	0.08438774	0.005228547	-0.28778833	-0.28815526	-8e-06
2.8100130487854487e-09	0.08435057	0.005371768	-0.2849599	-0.28532177	-8e-06
2.8200232202673988e-09	0.08431625	0.005502107	-0.28209543	-0.28245223	-8e-06
2.8300333888208817e-09	0.084285714	0.005618302	-0.27919778	-0.27954966	-8e-06
2.8400435298253258e-09	0.08425955	0.0057192645	-0.27627105	-0.27661815	-8e-06
2.8500000000000015e-09	0.08423794	0.005803938	-0.27333534	-0.27367792	-8e-06
2.8600111011838024e-09	0.08422034	0.005873241	-0.27036297	-0.27070123	-8e-06
2.8700212250210157e-09	0.08420649	0.005927315	-0.2673745	-0.26770863	-8e-06
2.880031354623637e-09	0.084196106	0.0059673395	-0.2643734	-0.2647037	-8e-06
2.890041515841877e-09	0.08418898	0.005994728	-0.26136336	-0.26169005	-8e-06
2.9000000000000016e-09	0.08418483	0.006010912	-0.25836313	-0.25868645	-8e-06
2.9100303878414983e-09	0.08418302	0.0060175485	-0.25533825	-0.25565836	-8e-06
2.9200405400173945e-09	0.084182754	0.006016054	-0.25231874	-0.2526358	-8e-06
2.9300506626588698e-09	0.08418315	0.0060080453	-0.24930048	-0.24961457	-8e-06
2.940008122152397e-09	0.084183656	0.0059951087	-0.24630068	-0.24661192	-8e-06
2.9500000000000016e-09	0.08418398	0.005978358	-0.24329437	-0.24360275	-8e-06
2.9600155013414956e-09	0.08418415	0.0059585585	-0.24028577	-0.24059124	-8e-06
2.9700256674991032e-09	0.08418415	0.0059360634	-0.23728439	-0.23758695	-8e-06
2.9800358390553387e-09	0.084184	0.005910805	-0.23428945	-0.23458901	-8e-06
2.9900460435944966e-09	0.08418368	0.005882506	-0.23130175	-0.23159821	-8e-06
3.0000000000000016e-09	0.08418328	0.0058509856	-0.22833897	-0.22863226	-8e-06
3.010013021687408e-09	0.08418316	0.005815442	-0.22536784	-0.22565779	-8e-06
3.020023221258066e-09	0.08418368	0.0057755415	-0.222408	-0.22269449	-8e-06
3.030033426074283e-09	0.08418528	0.0057306997	-0.21945989	-0.21974294	-8e-06
3.0400435797629176e-09	0.08418819	0.0056803916	-0.2165252	-0.2168046	-8e-06
3.0500000000000017e-09	0.08419244	0.005624582	-0.21362096	-0.21389675	-8e-06
3.060011225851203e-09	0.08419795	0.005562564	-0.2107172	-0.21098924	-8e-06
3.070021417778205e-09	0.0842046	0.0054948004	-0.20783181	-0.2081	-8e-06
3.0800315522394073e-09	0.084212355	0.0054216026	-0.20496608	-0.20523043	-8e-06
3.0900417595165826e-09	0.08422116	0.0053433687	-0.2021214	-0.20238182	-8e-06
3.1000000000000017e-09	0.08423087	0.0052609523	-0.19931373	-0.19957022	-8e-06
3.1100075012774793e-09	0.084241346	0.005173954	-0.19651566	-0.19676824	-8e-06
3.120017704401051e-09	0.0842523	0.0050832145	-0.19374156	-0.19399013	-8e-06
3.1300278886820917e-09	0.08426349	0.004989262	-0.19099303	-0.1912376	-8e-06
3.140038057534971e-09	0.08427479	0.004892574	-0.1882709	-0.18851148	-8e-06
3.1500000000000017e-09	0.08428614	0.0047940197	-0.18558882	-0.18582544	-8e-06
3.1600303335583762e-09	0.084297664	0.0046926914	-0.18291607	-0.1831487	-8e-06
3.1700404590392615e-09	0.08430932	0.0045896242	-0.18027703	-0.18050571	-8e-06
3.1800505839282134e-09	0.08432106	0.0044847075	-0.17766686	-0.17789157	-8e-06
3.1900080184166044e-09	0.08433281	0.0043786066	-0.1750995	-0.1753203	-8e-06
3.2000000000000018e-09	0.08434468	0.0042704996	-0.17255282	-0.17276976	-8e-06
3.2100154881015684e-09	0.08435672	0.004160639	-0.17003037	-0.17024344	-8e-06
3.220025598006436e-09	0.08436898	0.004049481	-0.1675399	-0.16774914	-8e-06
3.230035741861313e-09	0.08438156	0.003937143	-0.16508037	-0.16528586	-8e-06
3.240045919615618e-09	0.08439442	0.0038238803	-0.16265206	-0.16285385	-8e-06
3.250000000000002e-09	0.08440738	0.003710699	-0.16026855	-0.1604667	-8e-06
3.2600128935857283e-09	0.084420465	0.0035967985	-0.15790236	-0.15809695	-8e-06
3.2700230268646156e-09	0.08443349	0.0034834952	-0.15556827	-0.15575936	-8e-06
3.2800331568599652e-09	0.084446326	0.0033714604	-0.15326533	-0.15345302	-8e-06
3.2900432593751974e-09	0.08445886	0.003261433	-0.15099312	-0.1511775	-8e-06
3.300000000000002e-09	0.084470876	0.00315475	-0.14876284	-0.148944	-8e-06
3.31001078724819e-09	0.08448227	0.0030510314	-0.14654952	-0.14672759	-8e-06
3.3200208922688087e-09	0.08449277	0.0029516614	-0.14436445	-0.14453954	-8e-06
3.330030988490965e-09	0.0845022	0.002857398	-0.14220613	-0.14237836	-8e-06
3.340041116709685e-09	0.0845104	0.0027689373	-0.14007305	-0.14024253	-8e-06
3.350000000000002e-09	0.08451725	0.0026872766	-0.13797434	-0.13814119	-8e-06
3.3600055603864045e-09	0.08452273	0.0026120578	-0.13588744	-0.1360518	-8e-06
3.3700156934972e-09	0.084526755	0.002543971	-0.13381948	-0.13398139	-8e-06
3.3800258245737177e-09	0.08452925	0.0024832492	-0.13176931	-0.13192895	-8e-06
3.390035982307316e-09	0.084530175	0.0024299398	-0.12973495	-0.1298924	-8e-06
3.400000000000002e-09	0.08452955	0.0023841679	-0.12772362	-0.127879	-8e-06
3.4100040407367592e-09	0.08452745	0.0023453017	-0.12571594	-0.12586936	-8e-06
3.420014206056468e-09	0.08452396	0.0023131296	-0.12371694	-0.12386848	-8e-06
3.4300243369247724e-09	0.0845192	0.0022871622	-0.12172605	-0.121875785	-8e-06
3.4400345065265398e-09	0.0845133	0.0022667518	-0.11974163	-0.11988966	-8e-06
3.450000000000002e-09	0.084506415	0.0022512157	-0.1177711	-0.117917515	-8e-06
3.460014420837586e-09	0.08449866	0.0022395998	-0.11579477	-0.115939595	-8e-06
3.470024581537454e-09	0.084490255	0.0022311101	-0.11382213	-0.11396545	-8e-06
3.4800347227026778e-09	0.0844814	0.0022248158	-0.11185171	-0.111993514	-8e-06
3.4900449121848196e-09	0.08447235	0.0022197678	-0.10988294	-0.110023305	-8e-06
3.500000000000002e-09	0.084463336	0.002215037	-0.10792651	-0.10806544	-8e-06
3.5100122499957647e-09	0.08445443	0.0022096403	-0.10596035	-0.10609789	-8e-06
3.5200224354388894e-09	0.084445916	0.0022027472	-0.103996426	-0.10413253	-8e-06
3.5300326244750225e-09	0.08443793	0.0021935806	-0.10203485	-0.102169536	-8e-06
3.5400428223359323e-09	0.08443065	0.0021814406	-0.1000763	-0.100209534	-8e-06
3.550000000000002e-09	0.08442425	0.0021658326	-0.09813203	-0.09826379	-8e-06
3.560010516101785e-09	0.08441875	0.0021461134	-0.0961823	-0.09631254	-8e-06
3.570020732194678e-09	0.08441428	0.0021219833	-0.094238706	-0.09436737	-8e-06
3.5800309281971325e-09	0.08441084	0.0020932043	-0.092302434	-0.092429474	-8e-06
3.5900411414695487e-09	0.08440844	0.0020596627	-0.09037472	-0.09050007	-8e-06
3.600000000000002e-09	0.08440709	0.0020215546	-0.088466674	-0.08859028	-8e-06
3.610052274956959e-09	0.08438146	0.0020217753	-0.08657953	-0.0867015	-8e-06
3.62000978897704e-09	0.08437453	0.002151014	-0.08472384	-0.08484398	-8e-06
3.6300199919643658e-09	0.084391594	0.002233938	-0.082873106	-0.08299118	-8e-06
3.6400302138029246e-09	0.08441926	0.0021572057	-0.08103904	-0.08115498	-8e-06
3.650000000000002e-09	0.08443719	0.0019533199	-0.07923077	-0.079344615	-8e-06
3.660039884270248e-09	0.08441302	0.0017921655	-0.07745671	-0.077568695	-8e-06
3.6700500967102607e-09	0.08439172	0.0018745034	-0.07570921	-0.07581916	-8e-06
3.6800076075322116e-09	0.08439504	0.0020277128	-0.07399197	-0.074099585	-8e-06
3.6900177904810183e-09	0.08442277	0.0020489977	-0.07228775	-0.072392955	-8e-06
3.700000000000002e-09	0.08445694	0.0018696111	-0.07061195	-0.07071476	-8e-06
3.7100135278173767e-09	0.084456585	0.0016318042	-0.06898176	-0.069082476	-8e-06
3.720023741214609e-09	0.084444515	0.0015909472	-0.0673781	-0.06747662	-8e-06
3.7300339859881835e-09	0.084439486	0.00166925	-0.06579979	-0.06589588	-8e-06
3.740044181685997e-09	0.084452845	0.0017074418	-0.06424702	-0.06434063	-8e-06
3.750000000000002e-09	0.084478594	0.0016066935	-0.06272878	-0.06281993	-8e-06
3.7600118132529685e-09	0.084483564	0.0014305551	-0.06125323	-0.06134226	-8e-06
3.770022017016495e-09	0.0844831	0.0013741009	-0.05980522	-0.05989203	-8e-06
3.78003222715151e-09	0.08448869	0.001374562	-0.058383707	-0.058468096	-8e-06
3.7900424376491485e-09	0.084504455	0.0013395842	-0.056988705	-0.057070673	-8e-06
3.800000000000002e-09	0.08452196	0.0012308698	-0.055627543	-0.055707198	-8e-06
3.8100014362250005e-09	0.08451665	0.0011116115	-0.05430943	-0.054387122	-8e-06
3.820011698516366e-09	0.08450943	0.0011173656	-0.053016253	-0.053091846	-8e-06
3.830021933187674e-09	0.08451719	0.0011364707	-0.051748008	-0.05182131	-8e-06
3.840032170515851e-09	0.0845415	0.0010688456	-0.05050465	-0.050575655	-8e-06
3.850000000000001e-09	0.08456587	0.0009131706	-0.049291383	-0.049360275	-8e-06
3.8600294713957865e-09	0.08456153	0.0007773597	-0.048115656	-0.048182793	-8e-06
3.8700397085458894e-09	0.084545285	0.0008075981	-0.046965566	-0.047030855	-8e-06
3.880049949849894e-09	0.084540814	0.0008765945	-0.045837197	-0.04590041	-8e-06
3.890007516762229e-09	0.08455885	0.0008493505	-0.04473597	-0.044797104	-8e-06
3.900000000000001e-09	0.08458715	0.0007007901	-0.04365213	-0.043711342	-8e-06
3.910015643928271e-09	0.08459423	0.0005447623	-0.042604897	-0.04266254	-8e-06
3.920025921668662e-09	0.084583566	0.00054840266	-0.041577727	-0.041633762	-8e-06
3.930036139892598e-09	0.08457244	0.0006207589	-0.040568233	-0.04062243	-8e-06
3.940046404848354e-09	0.084576875	0.000633188	-0.039575696	-0.039628066	-8e-06
3.950000000000001e-09	0.08459545	0.00053685386	-0.038605366	-0.038656015	-8e-06
3.960013414566167e-09	0.084605455	0.00041088753	-0.037661523	-0.037710764	-8e-06
3.9700237020948285e-09	0.08460421	0.00040383553	-0.036732834	-0.036780633	-8e-06
3.980033975379888e-09	0.08459885	0.00045308343	-0.03581719	-0.035863385	-8e-06
3.990044245824472e-09	0.084599406	0.00046496312	-0.034913845	-0.034958407	-8e-06
4e-09	0.08460749	0.00040224238	-0.03402717	-0.03407019	-8e-06
4.0100119141393345e-09	0.084610224	0.00032444674	-0.033161186	-0.033202965	-8e-06
4.02002219904937e-09	0.08460894	0.00034532868	-0.032305222	-0.032345716	-8e-06
4.030032507394186e-09	0.08460853	0.00039700032	-0.03145745	-0.03149648	-8e-06
4.040042802331071e-09	0.08461292	0.00040090008	-0.03061716	-0.030654717	-8e-06
4.050052715941684e-09	0.08461967	0.0003404356	-0.029784044	-0.029820208	-8e-06
4.0600106684147954e-09	0.084618144	0.0002855993	-0.028974794	-0.029009843	-8e-06
4.0700209393129905e-09	0.08461219	0.00033644377	-0.028166339	-0.028200215	-8e-06
4.080031215611388e-09	0.08460911	0.0004153471	-0.027361307	-0.027393837	-8e-06
4.090041516956254e-09	0.08461333	0.00043566435	-0.02655902	-0.026590168	-8e-06
4.1000017578116266e-09	0.084621444	0.0003819631	-0.025763182	-0.025793036	-8e-06
4.110020800893052e-09	0.08462218	0.00032989215	-0.02497688	-0.025005698	-8e-06
4.120031072641875e-09	0.08461649	0.00038753205	-0.024191892	-0.024219617	-8e-06
4.130041318117016e-09	0.0846104	0.00048517933	-0.023405874	-0.023432354	-8e-06
4.140051601684145e-09	0.08460977	0.00053316314	-0.022618167	-0.022643343	-8e-06
4.150053360143078e-09	0.08461451	0.0005040607	-0.021829259	-0.021853186	-8e-06
4.160015417325184e-09	0.08461633	0.0004648586	-0.021052366	-0.021075293	-8e-06
4.170025708750121e-09	0.084614106	0.0005208727	-0.020268193	-0.020290071	-8e-06
4.180036010115297e-09	0.084609784	0.00061923126	-0.019478926	-0.019499611	-8e-06
4.1900463288921595e-09	0.084606804	0.00068228523	-0.01868391	-0.018703338	-8e-06
4.200052983253719e-09	0.08460648	0.00068027223	-0.017883224	-0.017901449	-8e-06
4.2100133720503135e-09	0.08460507	0.0006659617	-0.01709018	-0.017107403	-8e-06
4.220023659687787e-09	0.084603004	0.0007310715	-0.016285725	-0.016301919	-8e-06
4.230033924478086e-09	0.08460104	0.00082909275	-0.015472415	-0.015487412	-8e-06
4.240044224670034e-09	0.08459947	0.0008954521	-0.014649604	-0.014663368	-8e-06
4.2500528263929745e-09	0.08459758	0.00090818346	-0.013817243	-0.013829812	-8e-06
4.26001193307131e-09	0.08459308	0.00091534795	-0.012988297	-0.012999853	-8e-06
4.2700222523426475e-09	0.084588155	0.0009961051	-0.012144022	-0.012154533	-8e-06
4.280032519646863e-09	0.08458507	0.0011029325	-0.011287377	-0.01129668	-8e-06
4.2900428099733575e-09	0.08458393	0.001175542	-0.010417757	-0.010425818	-8e-06
4.300052717980283e-09	0.084582545	0.0011970452	-0.009535058	-0.0095418915	-8e-06
4.310010736991104e-09	0.08457798	0.0012157918	-0.008651921	-0.008657714	-8e-06
4.320021004866203e-09	0.08457146	0.0013060219	-0.007749805	-0.007754502	-8e-06
4.330031309050108e-09	0.0845658	0.0014230917	-0.0068320846	-0.0068355436	-8e-06
4.3400415965349374e-09	0.08456237	0.0015080849	-0.005898237	-0.0059004156	-8e-06
4.3500016569524355e-09	0.08455985	0.0015426511	-0.004952914	-0.004953822	-8e-06
4.360017356215172e-09	0.08455566	0.0015711166	-0.00399333	-0.0039931107	-8e-06
4.370027716227123e-09	0.084549524	0.0016640394	-0.0030169138	-0.0030155363	-8e-06
4.380038034393209e-09	0.0845429	0.0017846173	-0.002022063	-0.0020193907	-8e-06
4.390048294534229e-09	0.0845371	0.001879825	-0.0010083104	-0.0010042896	-8e-06
4.400053126591712e-09	0.08453187	0.0019300723	2.3876826e-05	2.924949e-05	-8e-06
4.4100143826353646e-09	0.08452638	0.0019719591	0.0010640399	0.0010706268	-8e-06
4.420024700839167e-09	0.08452003	0.0020681825	0.0021291669	0.0021370219	-8e-06
4.430035029264675e-09	0.08451335	0.0021881892	0.0032151318	0.0032243803	-8e-06
4.440045380952239e-09	0.08450667	0.0022873168	0.004322332	0.0043330253	-8e-06
4.4500529165444324e-09	0.08449951	0.0023488568	0.005450484	0.00546264	-8e-06
4.4600127880688914e-09	0.08449209	0.002403795	0.0065886434	0.0066021504	-8e-06
4.470023095960935e-09	0.084484205	0.002505825	0.0077544656	0.0077693737	-8e-06
4.480033400694276e-09	0.084476575	0.0026265462	0.008942998	0.008959433	-8e-06
4.490043695789198e-09	0.0844692	0.0027269502	0.010154517	0.01017254	-8e-06
4.500052785871123e-09	0.08446116	0.0027940117	0.0113888355	0.011408459	-8e-06
4.510011508406172e-09	0.08445278	0.0028564485	0.012634551	0.012655693	-8e-06
4.520021786233272e-09	0.08444355	0.0029617532	0.013910001	0.013932718	-8e-06
4.530032081006639e-09	0.08443431	0.0030833841	0.015209357	0.015233758	-8e-06
4.540042396620702e-09	0.08442547	0.0031853109	0.016532736	0.01655889	-8e-06
4.550052690096499e-09	0.08441643	0.0032556735	0.01787996	0.017907891	-8e-06
4.560010356568913e-09	0.08440735	0.0033183156	0.019240577	0.019270228	-8e-06
4.570020620068645e-09	0.08439751	0.003411558	0.020632248	0.020663649	-8e-06
4.580030913502672e-09	0.084387384	0.0035223945	0.022048155	0.022081416	-8e-06
4.5900412007783e-09	0.08437738	0.0036245529	0.023488276	0.023523446	-8e-06
4.600002440077316e-09	0.08436728	0.003704124	0.02494505	0.02498216	-8e-06
4.610044695034418e-09	0.08435673	0.003770856	0.02643734	0.026476372	-8e-06
4.620002326218959e-09	0.08434629	0.0038418544	0.027940454	0.027981404	-8e-06
4.630012657043909e-09	0.08433613	0.0039259424	0.029474977	0.029517919	-8e-06
4.6400229444955295e-09	0.084326334	0.004016934	0.031032773	0.031077739	-8e-06
4.650038901249365e-09	0.084316276	0.0041052173	0.032614246	0.032661263	-8e-06
4.660005132938709e-09	0.084305786	0.0041853148	0.03420999	0.034259036	-8e-06
4.67001545516836e-09	0.0842953	0.004258566	0.03583454	0.035885632	-8e-06
4.680025776821694e-09	0.08428544	0.0043266667	0.037480436	0.03753359	-8e-06
4.690036090291155e-09	0.08427627	0.004392349	0.03914706	0.039202295	-8e-06
4.700012582041228e-09	0.084267385	0.004459664	0.040827908	0.040885217	-8e-06
4.710002014138128e-09	0.08425841	0.00453099	0.042530026	0.04258939	-8e-06
4.720012315409143e-09	0.08424955	0.004602856	0.044254106	0.044315528	-8e-06
4.730022615565547e-09	0.084241256	0.0046675196	0.04599583	0.046059333	-8e-06
4.740032928318237e-09	0.08423379	0.0047201845	0.04775435	0.04781993	-8e-06
4.750018847148329e-09	0.08422688	0.004764358	0.049524285	0.04959192	-8e-06
4.760024118870389e-09	0.084220126	0.0048092674	0.051312376	0.051382065	-8e-06
4.770034408373485e-09	0.084213726	0.004860184	0.053115167	0.053186893	-8e-06
4.780044730402831e-09	0.0842081	0.0049130805	0.054930884	0.055004656	-8e-06
4.7900023889123e-09	0.08420346	0.0049583926	0.05674894	0.056824766	-8e-06
4.800053591886697e-09	0.08419929	0.00499164	0.058595125	0.058673013	-8e-06
4.810015887170504e-09	0.08419512	0.005016431	0.060434874	0.060514808	-8e-06
4.820026236611479e-09	0.08419104	0.005041697	0.062292468	0.062374435	-8e-06
4.830036570164969e-09	0.08418773	0.0050714198	0.06415823	0.06424225	-8e-06
4.840046871719895e-09	0.0841855	0.0051021534	0.06603137	0.06611745	-8e-06
4.850053028772771e-09	0.08418389	0.0051274286	0.067910306	0.067998454	-8e-06
4.860013770941186e-09	0.08418211	0.0051443474	0.0697864	0.06987663	-8e-06
4.8700241247322406e-09	0.08417999	0.005155684	0.07167679	0.07176911	-8e-06
4.8800344603304915e-09	0.08417811	0.005166005	0.07357141	0.073665835	-8e-06
4.890044820772037e-09	0.08417701	0.0051777405	0.07546965	0.07556618	-8e-06
4.90005287757824e-09	0.08417666	0.0051897615	0.07737041	0.077469096	-8e-06
4.9100125272995795e-09	0.08417646	0.005199307	0.07926426	0.07936512	-8e-06
4.9200228635832745e-09	0.08417595	0.0052046548	0.08116945	0.08127248	-8e-06
4.930033191048808e-09	0.08417531	0.005205721	0.083075635	0.083180904	-8e-06
4.9400435176701095e-09	0.08417506	0.0052037546	0.08498225	0.08508974	-8e-06
4.950052778015282e-09	0.08417539	0.005200373	0.086888455	0.08699821	-8e-06
4.960011467389359e-09	0.08417611	0.005196662	0.08878414	0.088896215	-8e-06
4.970021841603412e-09	0.08417694	0.0051923143	0.0906882	0.09080258	-8e-06
4.980032175739946e-09	0.084177904	0.005185694	0.09259006	0.0927068	-8e-06
4.9900425184528955e-09	0.08417919	0.005174928	0.09448908	0.09460821	-8e-06
5.000052698567958e-09	0.084180854	0.00515965	0.09638456	0.09650612	-8e-06
5.010010565021674e-09	0.084182754	0.0051415684	0.098266	0.098389946	-8e-06
5.020020984464471e-09	0.08418485	0.005122643	0.10015247	0.1002789	-8e-06
5.03003134918745e-09	0.08418729	0.005103619	0.1020334	0.102162324	-8e-06
5.040041738632386e-09	0.084190264	0.005083034	0.10390818	0.104039624	-8e-06
5.0500011038044874e-09	0.08419361	0.0050589573	0.105766684	0.105900645	-8e-06
5.060037998654707e-09	0.084197074	0.0050304662	0.10763227	0.107768774	-8e-06
5.070048398939722e-09	0.084200405	0.0049992516	0.10948494	0.10962403	-8e-06
5.0800061010123625e-09	0.08420376	0.0049674343	0.11131943	0.111461066	-8e-06
5.090016455426321e-09	0.0842075	0.0049354294	0.113154665	0.11329888	-8e-06
5.100051629408225e-09	0.084211715	0.004902387	0.114984944	0.11513178	-8e-06
5.1100145136974835e-09	0.08421607	0.0048672147	0.11679225	0.11694167	-8e-06
5.120024888591021e-09	0.08422024	0.004829007	0.11859787	0.1187499	-8e-06
5.130035286203972e-09	0.08422407	0.0047886646	0.12039278	0.12054745	-8e-06
5.140045708007273e-09	0.084227845	0.004747316	0.1221766	0.122333884	-8e-06
5.150052949069486e-09	0.08423185	0.0047055264	0.12394839	0.124108315	-8e-06
5.1600131888481806e-09	0.08423612	0.0046631778	0.12570013	0.12586266	-8e-06
5.170023605028244e-09	0.08424046	0.004619083	0.12744847	0.12761363	-8e-06
5.180034029698714e-09	0.08424464	0.0045728157	0.12918419	0.12935197	-8e-06
5.190044439962251e-09	0.084248625	0.004524224	0.13090682	0.13107723	-8e-06
5.200052852048295e-09	0.08425262	0.0044736196	0.13261555	0.13278857	-8e-06
5.210012268199931e-09	0.0842568	0.004421686	0.13430193	0.13447753	-8e-06
5.220022740099008e-09	0.08426129	0.004368023	0.13598236	0.13616054	-8e-06
5.230033193514024e-09	0.08426606	0.0043124794	0.13764755	0.13782828	-8e-06
5.240043591692123e-09	0.084271014	0.0042543076	0.13929683	0.13948008	-8e-06
5.250052792995515e-09	0.0842761	0.0041929297	0.14092931	0.14111507	-8e-06
5.2600117545416675e-09	0.08428133	0.004128632	0.14253636	0.14272459	-8e-06
5.270022158856236e-09	0.08428688	0.0040611923	0.14413361	0.14432427	-8e-06
5.280032620805512e-09	0.08429286	0.003991314	0.14571193	0.14590497	-8e-06
5.290043077023309e-09	0.08429933	0.0039189025	0.14727041	0.14746583	-8e-06
5.30005275369639e-09	0.08430626	0.0038434328	0.14880814	0.14900586	-8e-06
5.310011275984693e-09	0.08431347	0.003764855	0.15031667	0.15051663	-8e-06
5.320021757393538e-09	0.08432092	0.0036823833	0.15181074	0.15201291	-8e-06
5.3300322156346325e-09	0.08432861	0.003596912	0.15328163	0.15348597	-8e-06
5.340042675820543e-09	0.084336646	0.0035089862	0.1547285	0.15493494	-8e-06
5.3500527220193884e-09	0.08434511	0.0034188381	0.15615056	0.15635908	-8e-06
5.360010921517165e-09	0.0843539	0.0033268465	0.15754001	0.1577505	-8e-06
5.370021419909459e-09	0.08436292	0.0032319298	0.1589107	0.15912314	-8e-06
5.380031900969703e-09	0.08437198	0.0031347342	0.1602547	0.16046904	-8e-06
5.3900424076291026e-09	0.084381014	0.0030357288	0.1615715	0.16178767	-8e-06
5.400052701760713e-09	0.0843901	0.0029354843	0.16286065	0.16307862	-8e-06
5.410010667549542e-09	0.084399246	0.0028349608	0.16411532	0.16433501	-8e-06
5.4200211448397545e-09	0.08440848	0.0027332914	0.16534846	0.16556986	-8e-06
5.430031648851325e-09	0.08441767	0.002631108	0.16655321	0.16677624	-8e-06
5.440042125287557e-09	0.08442666	0.00252858	0.16772951	0.16795412	-8e-06
5.450000057374529e-09	0.084435314	0.0024265682	0.16887136	0.16909747	-8e-06
5.460025731552054e-09	0.08444376	0.0023242775	0.16999258	0.17022018	-8e-06
5.470036266509366e-09	0.084451996	0.0022229743	0.17108384	0.1713129	-8e-06
5.480046766630875e-09	0.08446006	0.0021227913	0.1721471	0.17237756	-8e-06
5.490004589652935e-09	0.08446785	0.0020243698	0.17317723	0.17340906	-8e-06
5.50005374197465e-09	0.08447539	0.001926358	0.1741894	0.17442255	-8e-06
5.510016149262379e-09	0.084482476	0.0018306267	0.17516603	0.17540045	-8e-06
5.520026711219766e-09	0.08448918	0.0017361206	0.17612098	0.17635663	-8e-06
5.530037238523589e-09	0.084495544	0.0016436052	0.17704996	0.17728683	-8e-06
5.540047760962867e-09	0.08450163	0.0015532962	0.17795357	0.17819159	-8e-06
5.550053111075402e-09	0.084507465	0.0014653074	0.17883192	0.17907107	-8e-06
5.5600145182182025e-09	0.08451297	0.0013799282	0.1796824	0.17992264	-8e-06
5.570025105507599e-09	0.08451812	0.0012963597	0.1805136	0.18075493	-8e-06
5.580035621703682e-09	0.08452287	0.0012151184	0.18132193	0.18156426	-8e-06
5.590046167644164e-09	0.08452729	0.0011363587	0.18210806	0.1823514	-8e-06
5.600052996013054e-09	0.08453144	0.0010602231	0.18287241	0.18311673	-8e-06
5.610013751667932e-09	0.084535345	0.0009870264	0.18361259	0.18385784	-8e-06
5.620024343016052e-09	0.08453903	0.00091599126	0.18433644	0.1845826	-8e-06
5.63003491684152e-09	0.084542446	0.00084742456	0.18504086	0.18528794	-8e-06
5.640045441771015e-09	0.084545545	0.0007813068	0.1857266	0.18597455	-8e-06
5.650052939855756e-09	0.08454837	0.0007176882	0.18639416	0.18664293	-8e-06
5.660013261656236e-09	0.08455095	0.0006568706	0.18704137	0.187291	-8e-06
5.670023828958124e-09	0.08455338	0.00059826055	0.18767531	0.18792573	-8e-06
5.680034436165431e-09	0.084555656	0.0005420878	0.18829331	0.18854448	-8e-06
5.690045016540118e-09	0.08455775	0.00048825186	0.18889599	0.18914795	-8e-06
5.7000529091406056e-09	0.08455961	0.0004366973	0.18948391	0.18973662	-8e-06
5.710013020343813e-09	0.08456127	0.0003876111	0.19005515	0.19030857	-8e-06
5.720023571554382e-09	0.08456278	0.00034051487	0.19061597	0.19087009	-8e-06
5.730034140385186e-09	0.08456414	0.00029563764	0.19116399	0.19141881	-8e-06
5.740044739029605e-09	0.084565416	0.0002529037	0.19169989	0.1919554	-8e-06
5.750052890294647e-09	0.08456657	0.00021223555	0.1922241	0.19248024	-8e-06
5.760012843945295e-09	0.08456759	0.00017372041	0.19273484	0.19299164	-8e-06
5.770023415666227e-09	0.08456848	0.0001369235	0.19323774	0.19349518	-8e-06
5.7800340061055686e-09	0.08456924	0.00010200918	0.19373074	0.19398877	-8e-06
5.790044618409335e-09	0.084569894	6.8949856e-05	0.19421427	0.19447295	-8e-06
5.8000528831540244e-09	0.08457047	3.7706395e-05	0.19468884	0.1949481	-8e-06
5.810012774574663e-09	0.084571	8.334418e-06	0.19515273	0.19541258	-8e-06
5.820023349270921e-09	0.08457146	-1.9547542e-05	0.19561104	0.19587147	-8e-06
5.8300339231084005e-09	0.084571816	-4.5846304e-05	0.19606186	0.19632284	-8e-06
5.84004450298071e-09	0.08457209	-7.0596536e-05	0.19650562	0.19676717	-8e-06
5.850052871036192e-09	0.08457227	-9.382606e-05	0.19694264	0.19720475	-8e-06
5.860012679304284e-09	0.08457238	-0.00011548261	0.19737138	0.19763401	-8e-06
5.87002334992195e-09	0.08457248	-0.00013584524	0.19779648	0.19805965	-8e-06
5.880033943838344e-09	0.08457255	-0.00015486559	0.19821614	0.19847983	-8e-06
5.890044554761652e-09	0.08457256	-0.00017259638	0.1986307	0.19889492	-8e-06
5.900052876738981e-09	0.084572494	-0.00018907894	0.19904046	0.19930519	-8e-06
5.9100127358046604e-09	0.084572375	-0.00020428498	0.19944386	0.19970909	-8e-06
5.920023364065607e-09	0.084572196	-0.00021839609	0.19984528	0.20011106	-8e-06
5.930033936351505e-09	0.08457199	-0.00023138185	0.20024298	0.20050922	-8e-06
5.940044552884638e-09	0.084571764	-0.00024329723	0.20063722	0.20090397	-8e-06
5.950052877363994e-09	0.08457151	-0.0002541868	0.20102821	0.20129547	-8e-06
5.9600127343295174e-09	0.08457121	-0.00026405603	0.2014145	0.20168224	-8e-06
5.97002333533995e-09	0.08457087	-0.0002730327	0.20180014	0.20206836	-8e-06
5.980033939109172e-09	0.084570505	-0.00028108995	0.20218349	0.20245215	-8e-06
5.990044571698256e-09	0.08457008	-0.00028827201	0.20256469	0.20283385	-8e-06
6.0000528794023874e-09	0.08457144	-0.00029662828	0.20294322	0.20321283	-8e-06
6.0100127255157166e-09	0.084898986	-7.020334e-05	0.20317134	0.20344028	-8e-06
6.0200233840137705e-09	0.0850377	0.0008764895	0.20339137	0.2036604	-8e-06
6.030034023686181e-09	0.08489433	0.0015918356	0.20360227	0.20387235	-8e-06
6.040044664752017e-09	0.08460875	0.0014690604	0.2037998	0.20407076	-8e-06
6.0500528857326224e-09	0.08441961	0.00068070274	0.20397978	0.20425105	-8e-06
6.060012822501329e-09	0.08446551	-7.738044e-05	0.20414162	0.2044127	-8e-06
6.070023476835902e-09	0.08469029	-0.00022561342	0.20429009	0.20456085	-8e-06
6.080034114484548e-09	0.084903054	0.00023998281	0.20442769	0.2046986	-8e-06
6.090044742790208e-09	0.08493087	0.0008334921	0.20455559	0.20482668	-8e-06
6.100052895338425e-09	0.08477356	0.0010258545	0.20467286	0.20494442	-8e-06
6.110012918657793e-09	0.08457984	0.00066584954	0.20477758	0.20504954	-8e-06
6.120023544329246e-09	0.084497	5.6686502e-05	0.20486912	0.2051413	-8e-06
6.130034199435932e-09	0.08457563	-0.00029995263	0.20494705	0.20521899	-8e-06
6.140044854729516e-09	0.08474051	-0.00015330235	0.20501378	0.20528539	-8e-06
6.150052901957594e-09	0.08485944	0.0002894651	0.2050721	0.20534377	-8e-06
6.160012978508917e-09	0.084849715	0.0005815417	0.20512208	0.20539418	-8e-06
6.170023616155415e-09	0.08472948	0.00046982913	0.20516215	0.20543459	-8e-06
6.180034233469093e-09	0.084592745	6.6660345e-05	0.2051904	0.20546281	-8e-06
6.190044884704322e-09	0.08454186	-0.00028932918	0.2052073	0.20547953	-8e-06
6.200052906251078e-09	0.08461583	-0.00033931792	0.20521466	0.20548673	-8e-06
6.210013048511466e-09	0.084757045	-0.00011288623	0.20521365	0.2054857	-8e-06
6.220023664961589e-09	0.08485215	0.00014751604	0.20520458	0.20547672	-8e-06
6.230034314379743e-09	0.0848202	0.00020662526	0.2051871	0.20545928	-8e-06
6.2400449317603815e-09	0.08468735	1.252532e-05	0.20516053	0.2054328	-8e-06
6.250052909617575e-09	0.08456766	-0.00028288693	0.20512466	0.20539686	-8e-06
6.260013078528061e-09	0.08456291	-0.00045286168	0.20507981	0.20535187	-8e-06
6.270023689921528e-09	0.08467388	-0.00039015562	0.20502633	0.20529819	-8e-06
6.280034350864951e-09	0.08480291	-0.00018996745	0.20496549	0.20523724	-8e-06
6.29004499983404e-09	0.08483911	-5.8474343e-05	0.20489776	0.20516948	-8e-06
6.300052910054326e-09	0.08475561	-0.00012435268	0.20482257	0.20509434	-8e-06
6.310013127541675e-09	0.08463041	-0.0003343618	0.20473944	0.20501117	-8e-06
6.320023793231867e-09	0.08457021	-0.000521457	0.20464744	0.20491898	-8e-06
6.330034407580124e-09	0.08462157	-0.00055373507	0.20454766	0.20481892	-8e-06
6.340045064834374e-09	0.084734954	-0.00044412285	0.20444112	0.20471224	-8e-06
6.350052915580859e-09	0.084812164	-0.00032118708	0.2043283	0.20459929	-8e-06
6.360013100226657e-09	0.0847909	-0.00030661782	0.20420928	0.20448026	-8e-06
6.370023779315218e-09	0.08469424	-0.00042084884	0.20408244	0.2043533	-8e-06
6.3800344584845836e-09	0.08460767	-0.0005797569	0.20394804	0.20421872	-8e-06
6.390045100630732e-09	0.08460342	-0.00066851074	0.2038064	0.20407681	-8e-06
6.40005291940112e-09	0.08467977	-0.00063857186	0.20365824	0.20392838	-8e-06
6.410013208515235e-09	0.08476676	-0.0005459444	0.20350479	0.20377474	-8e-06
6.420023866856922e-09	0.08479101	-0.00049361715	0.20334448	0.20361432	-8e-06
6.430034539457439e-09	0.08473619	-0.00054266624	0.20317759	0.20344731	-8e-06
6.440045191331126e-09	0.08465434	-0.00066177675	0.20300369	0.20327318	-8e-06
6.450052929604429e-09	0.084615886	-0.0007621155	0.20282306	0.20309225	-8e-06
6.460013189436105e-09	0.084648766	-0.0007798856	0.2026371	0.20290598	-8e-06
6.470023804540462e-09	0.0847198	-0.00072896085	0.20244433	0.20271298	-8e-06
6.4800344669388766e-09	0.08476698	-0.00067900866	0.20224562	0.20251408	-8e-06
6.49004513404915e-09	0.08475363	-0.0006897857	0.20204061	0.20230886	-8e-06
6.500052922683533e-09	0.0846958	-0.0007631589	0.2018292	0.20209718	-8e-06
6.5100131545301565e-09	0.08464425	-0.00084961037	0.20161249	0.20188013	-8e-06
6.520023791583756e-09	0.08464007	-0.0008957151	0.20138852	0.2016559	-8e-06
6.530034460579352e-09	0.084683366	-0.0008854882	0.20115855	0.20142563	-8e-06
6.540045115943224e-09	0.084734984	-0.0008513594	0.20092264	0.20118943	-8e-06
6.550052923334121e-09	0.084751636	-0.00084252603	0.20068072	0.20094724	-8e-06
6.560013169037088e-09	0.08472204	-0.0008820371	0.2004338	0.20070001	-8e-06
6.57002379724235e-09	0.0846734	-0.0009506781	0.2001794	0.2004453	-8e-06
6.580034417470701e-09	0.084647246	-0.0010059926	0.19991876	0.2001843	-8e-06
6.590045098001772e-09	0.08466372	-0.001021325	0.19965197	0.19991717	-8e-06
6.600052919539304e-09	0.0847059	-0.0010071989	0.19937922	0.19964406	-8e-06
6.610013140799544e-09	0.08473637	-0.0009977933	0.19910169	0.1993662	-8e-06
6.620023813285182e-09	0.08473053	-0.0010186937	0.19881655	0.1990807	-8e-06
6.6300345075975e-09	0.08469555	-0.0010672583	0.19852504	0.19878884	-8e-06
6.640045176791361e-09	0.08466264	-0.0011186783	0.19822715	0.19849059	-8e-06
6.650052927886864e-09	0.0846588	-0.0011492904	0.19792303	0.19818607	-8e-06
6.660013218669566e-09	0.084684394	-0.0011554237	0.19761403	0.19787668	-8e-06
6.670023825323474e-09	0.084715635	-0.0011536742	0.1972971	0.19755933	-8e-06
6.6800344327687495e-09	0.08472565	-0.0011652686	0.1969737	0.19723554	-8e-06
6.690045051122931e-09	0.08470755	-0.001198618	0.19664377	0.19690518	-8e-06
6.700052921618593e-09	0.08467835	-0.0012435847	0.19630724	0.19656825	-8e-06
6.710013160369889e-09	0.08466276	-0.0012813149	0.19596565	0.19622621	-8e-06
6.720023816509261e-09	0.08467192	-0.0013013267	0.19561556	0.19587569	-8e-06
6.730034442546567e-09	0.08469583	-0.0013090236	0.19525874	0.19551839	-8e-06
6.74004507444406e-09	0.08471297	-0.0013202298	0.19489504	0.19515423	-8e-06
6.750052919848146e-09	0.084709235	-0.0013461871	0.1945245	0.19478326	-8e-06
6.760013158928897e-09	0.084689	-0.0013842825	0.19414869	0.19440696	-8e-06
6.770023821938386e-09	0.08466966	-0.0014227062	0.19376376	0.19402155	-8e-06
6.7800344629629934e-09	0.084666535	-0.0014508684	0.19337164	0.19362892	-8e-06
6.790045124016385e-09	0.08468016	-0.001468593	0.19297218	0.19322899	-8e-06
6.80005292495118e-09	0.08469715	-0.0014845682	0.19256553	0.19282179	-8e-06
6.810013219532777e-09	0.08470246	-0.0015077865	0.19215336	0.19240913	-8e-06
6.82002385312811e-09	0.084692016	-0.0015406299	0.19173153	0.19198675	-8e-06
6.830034495976946e-09	0.0846749	-0.0015774634	0.19130196	0.19155666	-8e-06
6.8400451346949e-09	0.08466497	-0.0016104633	0.19086464	0.19111875	-8e-06
6.850052925040868e-09	0.08466883	-0.0016361527	0.19041957	0.19067314	-8e-06
6.860013193561122e-09	0.08468107	-0.0016576782	0.18996878	0.19022176	-8e-06
6.870023793709011e-09	0.08469005	-0.0016817204	0.18950768	0.18976009	-8e-06
6.880034442464728e-09	0.08468761	-0.0017121246	0.18903844	0.18929026	-8e-06
6.890045043557128e-09	0.084675625	-0.0017473273	0.18856096	0.18881217	-8e-06
6.900052916248981e-09	0.084663585	-0.0017822548	0.18807529	0.18832588	-8e-06
6.910013125387874e-09	0.08466015	-0.0018128792	0.18758363	0.18783358	-8e-06
6.920023733097648e-09	0.084666185	-0.0018397738	0.18708104	0.18733037	-8e-06
6.9300343750383006e-09	0.084674746	-0.001866384	0.18656994	0.18681863	-8e-06
6.940044951531102e-09	0.084677175	-0.0018962327	0.18605027	0.18629828	-8e-06
6.950052908667195e-09	0.08467052	-0.0019299296	0.18552203	0.1857694	-8e-06
6.960013054145131e-09	0.084659554	-0.0019649337	0.1849877	0.18523437	-8e-06
6.970023712329882e-09	0.08465207	-0.0019984508	0.18444191	0.18468788	-8e-06
6.980034378319444e-09	0.08465251	-0.0020289721	0.18388735	0.18413265	-8e-06
6.990044983965085e-09	0.08465821	-0.002057841	0.18332402	0.18356857	-8e-06
7.000052909962652e-09	0.08466231	-0.00208769	0.182752	0.18299583	-8e-06
7.010013097757975e-09	0.08465977	-0.0021199386	0.18217395	0.18241705	-8e-06
7.020023723634025e-09	0.0846514	-0.0021541617	0.18158418	0.18182652	-8e-06
7.030034360311999e-09	0.08464282	-0.002187943	0.18098561	0.18122718	-8e-06
7.040045012453303e-09	0.084639266	-0.002219551	0.18037832	0.18061909	-8e-06
7.050052911899336e-09	0.08464131	-0.0022491473	0.1797625	0.18000248	-8e-06
7.06001305385196e-09	0.08464476	-0.00227825	0.17914103	0.17938022	-8e-06
7.070023655948505e-09	0.08464461	-0.0023086437	0.17850794	0.1787463	-8e-06
7.080034248498474e-09	0.08463922	-0.0023402416	0.17786637	0.17810394	-8e-06
7.090044907170016e-09	0.084631436	-0.0023717238	0.17721653	0.17745323	-8e-06
7.100052904781465e-09	0.084625795	-0.0024016027	0.17655872	0.17679454	-8e-06
7.110012982593429e-09	0.08462465	-0.0024293193	0.1758961	0.17613108	-8e-06
7.120023590237804e-09	0.08462636	-0.0024559244	0.17522235	0.17545645	-8e-06
7.1300342017922805e-09	0.08462712	-0.0024824222	0.17454101	0.17477421	-8e-06
7.140044804719072e-09	0.08462421	-0.0025092491	0.17385231	0.17408463	-8e-06
7.150052897498532e-09	0.08461821	-0.0025357204	0.1731567	0.1733881	-8e-06
7.160012919356887e-09	0.08461226	-0.0025605778	0.17245765	0.17268813	-8e-06
7.170023568701639e-09	0.0846091	-0.0025834346	0.17174855	0.17197809	-8e-06
7.180034201596951e-09	0.084608994	-0.0026044731	0.17103328	0.17126186	-8e-06
7.190044824296612e-09	0.084609695	-0.0026244933	0.17031215	0.17053978	-8e-06
7.200052896049608e-09	0.08460853	-0.002643933	0.16958575	0.16981241	-8e-06
7.210012850501749e-09	0.08460471	-0.0026623667	0.16885781	0.16908349	-8e-06
7.2200234097756034e-09	0.08459971	-0.0026791876	0.16812152	0.16834621	-8e-06
7.230034027030707e-09	0.08459592	-0.00269376	0.16738103	0.16760471	-8e-06
7.2400446357035744e-09	0.08459459	-0.0027061645	0.16663678	0.16685943	-8e-06
7.250052884660125e-09	0.084594935	-0.002716882	0.16588943	0.16611108	-8e-06
7.26001284414523e-09	0.08459495	-0.0027262247	0.16514292	0.16536355	-8e-06
7.270023480887983e-09	0.084593184	-0.0027341577	0.16439034	0.16460994	-8e-06
7.2800340548703036e-09	0.08458989	-0.002740149	0.16363606	0.16385457	-8e-06
7.290044650607384e-09	0.08458661	-0.0027437867	0.16288052	0.16309802	-8e-06
7.300052884491575e-09	0.084584944	-0.0027450533	0.16212454	0.16234097	-8e-06
7.3100127699071335e-09	0.08458506	-0.0027442744	0.16137213	0.1615875	-8e-06
7.320023408248004e-09	0.08458583	-0.0027417385	0.16061632	0.16083065	-8e-06
7.330034019569897e-09	0.08458578	-0.0027374402	0.15986158	0.16007484	-8e-06
7.340044614734526e-09	0.084584385	-0.0027310904	0.15910845	0.15932062	-8e-06
7.350052880802766e-09	0.0845824	-0.0027224116	0.15835766	0.15856878	-8e-06
7.360012734763203e-09	0.08458114	-0.0027114588	0.15761328	0.15782332	-8e-06
7.3700232942868264e-09	0.084581316	-0.002698364	0.15686843	0.15707739	-8e-06
7.3800338749082535e-09	0.08458256	-0.0026834316	0.15612745	0.15633537	-8e-06
7.390044483133977e-09	0.084583744	-0.0026667162	0.15539096	0.15559778	-8e-06
7.4000528685045965e-09	0.08458403	-0.002648093	0.1546596	0.15486537	-8e-06
7.410012624201375e-09	0.08458351	-0.0026275148	0.1539373	0.154142	-8e-06
7.420023180222068e-09	0.08458307	-0.0026047805	0.15321736	0.153421	-8e-06
7.430033740913831e-09	0.08458352	-0.002580168	0.15250398	0.15270658	-8e-06
7.440044329538283e-09	0.08458503	-0.0025539158	0.15179764	0.15199919	-8e-06
7.450052861615815e-09	0.08458692	-0.0025261552	0.15109895	0.15129948	-8e-06
7.4600125539421e-09	0.08458837	-0.002497011	0.15041164	0.15061112	-8e-06
7.47002309051435e-09	0.084589094	-0.0024661068	0.14972916	0.14992765	-8e-06
7.480033631681835e-09	0.084589496	-0.0024335813	0.14905551	0.14925298	-8e-06
7.490044202867807e-09	0.0845903	-0.0023995813	0.14839108	0.14858755	-8e-06
7.500052849944818e-09	0.08459188	-0.0023643395	0.14773639	0.14793189	-8e-06
7.510012420514478e-09	0.08459399	-0.002328188	0.14709476	0.14728928	-8e-06
7.520022974826827e-09	0.08459603	-0.002290809	0.14646006	0.14665362	-8e-06
7.530033537775743e-09	0.084597565	-0.0022523396	0.14583595	0.14602856	-8e-06
7.540044091274036e-09	0.08459862	-0.0022127673	0.1452227	0.14541438	-8e-06
7.55005284207017e-09	0.08459969	-0.0021721998	0.14462064	0.14481142	-8e-06
7.56001232324813e-09	0.084601186	-0.002131025	0.14403282	0.1442227	-8e-06
7.570022859049461e-09	0.08460318	-0.0020889994	0.14345351	0.14364251	-8e-06
7.580033430003017e-09	0.084605314	-0.0020464135	0.14288594	0.1430741	-8e-06
7.59004399814457e-09	0.08460717	-0.002003249	0.14233032	0.14251761	-8e-06
7.600052832677124e-09	0.084608585	-0.001959484	0.14178687	0.14197335	-8e-06
7.610012227347353e-09	0.08460979	-0.0019153814	0.14125822	0.1414439	-8e-06
7.620022752038505e-09	0.08461115	-0.0018706355	0.14073917	0.14092404	-8e-06
7.630033261473936e-09	0.084612824	-0.0018256392	0.14023255	0.14041664	-8e-06
7.6400438015071e-09	0.08461473	-0.0017804886	0.13973841	0.13992175	-8e-06
7.650052816484116e-09	0.08461655	-0.0017351884	0.13925695	0.13943955	-8e-06
7.660012018968448e-09	0.08461805	-0.0016899208	0.13879037	0.13897228	-8e-06
7.670022557311233e-09	0.08461925	-0.0016442358	0.13833402	0.13851523	-8e-06
7.680033098686668e-09	0.08462041	-0.0015984583	0.13789037	0.13807088	-8e-06
7.690043638439601e-09	0.084621735	-0.0015527209	0.13745934	0.13763921	-8e-06
7.70005280246803e-09	0.08462326	-0.0015071261	0.13704106	0.1372203	-8e-06
7.710011882194194e-09	0.08462481	-0.0014619153	0.13663742	0.13681604	-8e-06
7.720022418584031e-09	0.08462618	-0.0014165945	0.13624428	0.13642229	-8e-06
7.73003291892812e-09	0.08462729	-0.0013713767	0.13586372	0.13604113	-8e-06
7.74004344947921e-09	0.08462825	-0.0013263018	0.13549563	0.13567251	-8e-06
7.75005278668715e-09	0.08462924	-0.0012814711	0.13514009	0.1353164	-8e-06
7.760011769090755e-09	0.084630355	-0.0012371978	0.1347986	0.13497439	-8e-06
7.770022264117221e-09	0.084631555	-0.0011930618	0.1344676	0.13464291	-8e-06
7.780032754869768e-09	0.08463268	-0.0011492686	0.13414882	0.13432364	-8e-06
7.790043280624966e-09	0.08463363	-0.0011057833	0.13384217	0.13401653	-8e-06
7.800052771995788e-09	0.0846344	-0.0010626157	0.13354756	0.13372147	-8e-06
7.810011556125206e-09	0.08463508	-0.001020039	0.13326627	0.13343975	-8e-06
7.820022055785979e-09	0.08463585	-0.0009776895	0.1329953	0.13316837	-8e-06
7.830032600667484e-09	0.08463671	-0.0009358293	0.13273601	0.13290867	-8e-06
7.840043165293827e-09	0.08463757	-0.00089444785	0.13248828	0.13266057	-8e-06
7.850052766122887e-09	0.0846383	-0.0008535218	0.132252	0.13242394	-8e-06
7.860011478438369e-09	0.08463887	-0.0008132358	0.13202813	0.13219973	-8e-06
7.870021960652518e-09	0.08463933	-0.0007732003	0.13181424	0.13198552	-8e-06
7.880032464492278e-09	0.08463983	-0.00073367334	0.13161138	0.13178234	-8e-06
7.89004301306087e-09	0.08464039	-0.0006947048	0.1314194	0.13159008	-8e-06
7.900052756633139e-09	0.08464097	-0.00065630325	0.13123818	0.13140859	-8e-06
7.910011369441367e-09	0.08464149	-0.0006186348	0.1310684	0.13123855	-8e-06
7.920021819788654e-09	0.084641896	-0.00058127247	0.13090815	0.13107805	-8e-06
7.930032328711617e-09	0.084642224	-0.00054442394	0.13075818	0.13092788	-8e-06
7.940042824709702e-09	0.08464249	-0.0005081284	0.13061836	0.13078785	-8e-06
7.950052733294154e-09	0.0846428	-0.00047242115	0.13048856	0.13065784	-8e-06
7.960011088675472e-09	0.084643126	-0.00043749035	0.13036916	0.13053825	-8e-06
7.970021596949255e-09	0.08464347	-0.00040296555	0.13025877	0.13042769	-8e-06
7.980032086879386e-09	0.08464373	-0.00036899725	0.13015792	0.13032669	-8e-06
7.990042619349994e-09	0.08464392	-0.00033557613	0.1300664	0.13023505	-8e-06
