# t (s)	mx ()	my ()	mz ()	m_z_yrange7_ ()	I_x (A)
0	0.08377481	1.24215085e-05	-0.6550701	-0.6559211	-8e-06
1.0012659363216336e-11	0.083778925	6.7911846e-05	-0.655061	-0.6559122	-8e-06
2.001098766109915e-11	0.08378664	0.000120219585	-0.65503734	-0.6558884	-8e-06
3.0031278285251896e-11	0.08379105	0.00016944876	-0.65499926	-0.6558503	-8e-06
4.005158756047015e-11	0.08378869	0.00021664574	-0.6549472	-0.65579826	-8e-06
5e-11	0.08378292	0.00026363746	-0.654882	-0.6557329	-8e-06
6.003140431659435e-11	0.083779365	0.0003122432	-0.65480286	-0.6556538	-8e-06
7.005024685922015e-11	0.083781205	0.0003613473	-0.6547107	-0.65556157	-8e-06
8.000989857141044e-11	0.0837866	0.00040860483	-0.6546063	-0.6554571	-8e-06
9.002712157379484e-11	0.083791114	0.00045293669	-0.6544888	-0.6553395	-8e-06
1e-10	0.08379174	0.0004941958	-0.65435976	-0.6552103	-8e-06
1.1001715643127603e-10	0.08378925	0.0005346926	-0.65421814	-0.6550686	-8e-06
1.2003233345775888e-10	0.083786964	0.0005761312	-0.65406483	-0.65491515	-8e-06
1.3004833676325946e-10	0.08378749	0.00061861746	-0.6539	-0.6547503	-8e-06
1.400120536121509e-10	0.083790846	0.00066037953	-0.653725	-0.65457517	-8e-06
1.5e-10	0.083794795	0.00069985306	-0.65353864	-0.6543886	-8e-06
1.6001909191527507e-10	0.083797134	0.0007366833	-0.6533412	-0.6541909	-8e-06
1.7003489820038567e-10	0.08379735	0.000771984	-0.6531333	-0.6539828	-8e-06
1.800506213688901e-10	0.08379673	0.0008074317	-0.6529151	-0.6537646	-8e-06
1.900135660659455e-10	0.083797	0.00084352354	-0.65268826	-0.6535376	-8e-06
2e-10	0.083799034	0.00087972323	-0.6524512	-0.6533004	-8e-06
2.1001776126629403e-10	0.083802275	0.0009145851	-0.65220404	-0.6530529	-8e-06
2.2003357951961498e-10	0.08380534	0.00094727677	-0.65194756	-0.6527962	-8e-06
2.3004934848294013e-10	0.0838073	0.0009783207	-0.65168214	-0.6525305	-8e-06
2.400124216420302e-10	0.08380823	0.0010086815	-0.6514092	-0.65225744	-8e-06
2.5e-10	0.083809	0.0010393863	-0.6511271	-0.65197515	-8e-06
2.600189852413365e-10	0.083810575	0.0010703121	-0.65083575	-0.6516835	-8e-06
2.700346958111049e-10	0.08381322	0.0011005091	-0.6505363	-0.65138376	-8e-06
2.800504012283142e-10	0.0838164	0.0011292681	-0.65022886	-0.6510761	-8e-06
2.9001337724977793e-10	0.083819255	0.0011564094	-0.6499153	-0.65076226	-8e-06
3e-10	0.083821364	0.0011827245	-0.6495934	-0.65044016	-8e-06
3.100179043725387e-10	0.083822966	0.0012088763	-0.6492632	-0.65010965	-8e-06
3.2003352524296354e-10	0.083824694	0.0012349939	-0.6489258	-0.649772	-8e-06
3.3004901911989124e-10	0.0838271	0.0012607693	-0.64858145	-0.6494273	-8e-06
3.400119638143983e-10	0.08383012	0.0012855653	-0.6482321	-0.6490776	-8e-06
3.5e-10	0.08383332	0.001309318	-0.6478752	-0.64872044	-8e-06
3.600143698214564e-10	0.08383619	0.0013321772	-0.64751095	-0.64835584	-8e-06
3.700231860149707e-10	0.083838575	0.0013544612	-0.64714056	-0.6479851	-8e-06
3.800323837972294e-10	0.08384079	0.0013764863	-0.646764	-0.64760816	-8e-06
3.9004182503396785e-10	0.08384326	0.0013982604	-0.6463814	-0.64722526	-8e-06
4.0000237299019823e-10	0.08384616	0.0014194545	-0.6459949	-0.6468384	-8e-06
4.100419776401209e-10	0.08384939	0.0014401022	-0.64559966	-0.6464428	-8e-06
4.2005189558112905e-10	0.08385261	0.0014599107	-0.6452	-0.6460428	-8e-06
4.300090748524219e-10	0.08385559	0.0014789541	-0.64479727	-0.6456396	-8e-06
4.4001887896500093e-10	0.08385838	0.0014976398	-0.644387	-0.645229	-8e-06
4.500479970305754e-10	0.08386113	0.0015160661	-0.6439709	-0.64481246	-8e-06
4.600125777376007e-10	0.08386402	0.0015340936	-0.6435525	-0.6443937	-8e-06
4.700226903855045e-10	0.08386717	0.0015518264	-0.6431274	-0.64396816	-8e-06
4.800328313995604e-10	0.08387051	0.0015690404	-0.64269745	-0.6435379	-8e-06
4.900431243821901e-10	0.08387386	0.00158566	-0.642263	-0.6431028	-8e-06
5.000527486005955e-10	0.08387711	0.0016017522	-0.64182407	-0.6426635	-8e-06
5.100111458294902e-10	0.08388017	0.0016174032	-0.64138305	-0.6422219	-8e-06
5.200217034755504e-10	0.08388318	0.0016329371	-0.64093524	-0.6417738	-8e-06
5.300323960968209e-10	0.08388629	0.0016483106	-0.6404835	-0.6413214	-8e-06
5.400432181384658e-10	0.083889626	0.0016634198	-0.64002746	-0.64086497	-8e-06
5.50052804249059e-10	0.08389315	0.0016781167	-0.63956743	-0.6404044	-8e-06
5.600124044891081e-10	0.08389666	0.0016922697	-0.6391059	-0.63994235	-8e-06
5.70023530635763e-10	0.0839	0.0017061295	-0.63863814	-0.63947403	-8e-06
5.800347688895486e-10	0.08390316	0.001719815	-0.6381665	-0.6390018	-8e-06
5.900460906112104e-10	0.08390631	0.0017334613	-0.6376911	-0.63852584	-8e-06
6e-10	0.083909586	0.001746972	-0.6372148	-0.638049	-8e-06
6.100150643940681e-10	0.08391311	0.0017603686	-0.636732	-0.63756555	-8e-06
6.20026619009204e-10	0.08391672	0.001773433	-0.6362457	-0.6370787	-8e-06
6.300382528684782e-10	0.08392024	0.0017861895	-0.6357559	-0.6365883	-8e-06
6.400499664341124e-10	0.083923556	0.0017988042	-0.6352626	-0.6360944	-8e-06
6.5e-10	0.08392674	0.0018113703	-0.6347689	-0.63560003	-8e-06
6.60016935633982e-10	0.08392999	0.001824097	-0.6342684	-0.6350989	-8e-06
6.700288065870792e-10	0.08393343	0.0018368042	-0.6337648	-0.63459456	-8e-06
6.800406853832073e-10	0.083937	0.0018493718	-0.6332577	-0.63408685	-8e-06
6.90052506117944e-10	0.08394054	0.0018617575	-0.63274723	-0.63357574	-8e-06
7.000000000000001e-10	0.08394393	0.0018739726	-0.63223666	-0.6330644	-8e-06
7.100172587430643e-10	0.08394719	0.0018863366	-0.6317192	-0.6325462	-8e-06
7.20028876957627e-10	0.0839504	0.001898851	-0.63119847	-0.6320248	-8e-06
7.300381911027172e-10	0.083953716	0.0019115007	-0.63067454	-0.63150007	-8e-06
7.40047527229812e-10	0.083957165	0.0019241818	-0.63014716	-0.6309719	-8e-06
7.500000000000001e-10	0.08396062	0.0019367461	-0.62961936	-0.6304434	-8e-06
7.600127527699137e-10	0.08396402	0.0019493722	-0.6290848	-0.6299081	-8e-06
7.700222528106759e-10	0.083967276	0.001962086	-0.62854713	-0.6293695	-8e-06
7.80031818758206e-10	0.083970435	0.0019750034	-0.6280057	-0.62882733	-8e-06
7.900414043057244e-10	0.083973624	0.0019881462	-0.62746084	-0.6282816	-8e-06
8.000000000000001e-10	0.08397686	0.0020013794	-0.6269151	-0.627735	-8e-06
8.100153231132091e-10	0.083980195	0.002014772	-0.6263627	-0.6271817	-8e-06
8.200250043034927e-10	0.08398349	0.002028223	-0.6258068	-0.62662494	-8e-06
8.300346874596673e-10	0.08398669	0.002041801	-0.6252472	-0.6260645	-8e-06
8.400443886379411e-10	0.08398978	0.0020555921	-0.62468386	-0.6255003	-8e-06
8.500000000000002e-10	0.0839928	0.002069565	-0.6241197	-0.6249352	-8e-06
8.600110864854091e-10	0.08399587	0.0020838392	-0.62354857	-0.6243631	-8e-06
8.700208153392488e-10	0.08399899	0.0020982784	-0.6229735	-0.62378716	-8e-06
8.800306011452853e-10	0.08400213	0.002112854	-0.6223945	-0.6232072	-8e-06
8.900403884073667e-10	0.0840052	0.0021275792	-0.62181145	-0.6226231	-8e-06
9.000000000000002e-10	0.084008165	0.0021424356	-0.6212272	-0.62203795	-8e-06
9.100435059993021e-10	0.084011056	0.0021576488	-0.620634	-0.6214436	-8e-06
9.20000709112988e-10	0.08401392	0.0021729602	-0.6200416	-0.6208502	-8e-06
9.300106450867433e-10	0.08401681	0.0021885473	-0.6194418	-0.6202494	-8e-06
9.400205870143753e-10	0.084019735	0.0022042892	-0.6188377	-0.61964417	-8e-06
9.500000000000002e-10	0.08402263	0.002220134	-0.61823106	-0.6190365	-8e-06
9.600099851122442e-10	0.08402546	0.0022361919	-0.6176182	-0.6184225	-8e-06
9.700201220515184e-10	0.08402817	0.002252419	-0.61700076	-0.61780405	-8e-06
9.800302851510007e-10	0.08403087	0.002268815	-0.61637896	-0.617181	-8e-06
9.900405076770374e-10	0.08403356	0.0022853678	-0.61575246	-0.6165534	-8e-06
1.0000000000000003e-09	0.08403625	0.0023019682	-0.61512464	-0.6159245	-8e-06
1.0100237782449503e-09	0.08701941	0.0016303938	-0.6140383	-0.61483306	-8e-06
1.020034126772941e-09	0.0882363	-0.0012025484	-0.61291975	-0.61371136	-8e-06
1.0300445261670769e-09	0.08688833	-0.0033537396	-0.6117805	-0.6125722	-8e-06
1.0400022717953131e-09	0.08425958	-0.0029707297	-0.6106135	-0.6114052	-8e-06
1.0500000000000003e-09	0.08248235	-0.0006522895	-0.60938925	-0.6101786	-8e-06
1.0600160565289932e-09	0.0829409	0.001524699	-0.6081117	-0.6088972	-8e-06
1.070026556735133e-09	0.08511863	0.0019760518	-0.60678923	-0.6075711	-8e-06
1.0800370702130171e-09	0.08711503	0.000754901	-0.60542566	-0.6062054	-8e-06
1.090047592878699e-09	0.08730406	-0.00080862135	-0.6040259	-0.6048035	-8e-06
1.1000000000000003e-09	0.08566857	-0.0013603129	-0.602598	-0.60337317	-8e-06
1.1100143818046507e-09	0.08366405	-0.0005365006	-0.6011261	-0.6018981	-8e-06
1.1200248755820183e-09	0.082967125	0.00095606846	-0.59962094	-0.60038996	-8e-06
1.1300353447076702e-09	0.0840398	0.0019963123	-0.59807974	-0.5988461	-8e-06
1.1400458306716755e-09	0.08584638	0.0019611018	-0.5964962	-0.5972597	-8e-06
1.1500000000000004e-09	0.08683398	0.0010861229	-0.59488076	-0.59564114	-8e-06
1.1600133156823187e-09	0.08625917	0.0002251786	-0.59322375	-0.5939808	-8e-06
1.1700236378945556e-09	0.0847275	0.00012545586	-0.591542	-0.59229594	-8e-06
1.1800339544637767e-09	0.08358246	0.0008708469	-0.5898366	-0.59058774	-8e-06
1.190044223454989e-09	0.083709955	0.0019008414	-0.58810323	-0.5888518	-8e-06
1.2000000000000004e-09	0.084865786	0.0024680772	-0.58634514	-0.5870909	-8e-06
1.2100117030984432e-09	0.086020276	0.0022529503	-0.58454114	-0.58528364	-8e-06
1.2200217376262394e-09	0.08622472	0.0015499907	-0.5827091	-0.58344805	-8e-06
1.2300317259923782e-09	0.08539974	0.0010212623	-0.58085835	-0.5815946	-8e-06
1.2400416681819877e-09	0.08431809	0.0011552504	-0.5789921	-0.5797259	-8e-06
1.2500000000000004e-09	0.08388179	0.0018611412	-0.57711643	-0.57784784	-8e-06
1.2600345609412992e-09	0.08437061	0.0025874898	-0.57520217	-0.5759311	-8e-06
1.2700444115541746e-09	0.085288085	0.002789874	-0.5732665	-0.5739926	-8e-06
1.2800015555310174e-09	0.08584191	0.0024131048	-0.57131904	-0.57204247	-8e-06
1.2900114028902396e-09	0.08562947	0.0018689678	-0.56934685	-0.5700677	-8e-06
1.3000000000000005e-09	0.08490803	0.0016598596	-0.567369	-0.5680877	-8e-06
1.3100149074510025e-09	0.084310964	0.001954483	-0.56537485	-0.56609166	-8e-06
1.3200248297271369e-09	0.0842965	0.002503926	-0.5633671	-0.5640819	-8e-06
1.3300347791819773e-09	0.0848022	0.0028938847	-0.56134266	-0.5620554	-8e-06
1.340044734098142e-09	0.08536936	0.002873216	-0.55930275	-0.5600133	-8e-06
1.3500000000000005e-09	0.08555219	0.0025285606	-0.5572626	-0.5579712	-8e-06
1.360011831361095e-09	0.085255474	0.0021775835	-0.55520344	-0.55591	-8e-06
1.3700218909269904e-09	0.08475833	0.0021261577	-0.5531381	-0.553843	-8e-06
1.3800319605248983e-09	0.084467545	0.0024285445	-0.5510648	-0.5517683	-8e-06
1.3900420687128516e-09	0.08459203	0.0028490592	-0.5489812	-0.54968315	-8e-06
1.4000000000000005e-09	0.084995806	0.0030629032	-0.546897	-0.5475973	-8e-06
1.4100247079899728e-09	0.085342735	0.0029310146	-0.5447886	-0.54548705	-8e-06
1.4200349042289563e-09	0.08536315	0.0026046436	-0.54267573	-0.54337245	-8e-06
1.4300451137492728e-09	0.08506925	0.0023925074	-0.54055744	-0.5412526	-8e-06
1.4400026485495185e-09	0.084722914	0.0024901028	-0.53844434	-0.53913814	-8e-06
1.4500000000000006e-09	0.084604286	0.0028210834	-0.5363146	-0.537007	-8e-06
1.4600158469492318e-09	0.0847943	0.0031170475	-0.5341706	-0.5348613	-8e-06
1.4700261222173536e-09	0.08511698	0.0031580853	-0.5320171	-0.5327059	-8e-06
1.480036410397708e-09	0.08530325	0.00295923	-0.52985406	-0.5305408	-8e-06
1.4900466614989378e-09	0.08521559	0.0027382772	-0.5276828	-0.52836764	-8e-06
1.5000000000000006e-09	0.08495041	0.0027130719	-0.5255153	-0.52619827	-8e-06
1.5100135661422342e-09	0.08473503	0.0029190595	-0.52332425	-0.52400523	-8e-06
1.5200238561997746e-09	0.08474127	0.0031984611	-0.52112097	-0.5217997	-8e-06
1.5300341744980445e-09	0.084945455	0.0033513403	-0.518903	-0.51957923	-8e-06
1.5400444709579827e-09	0.08516531	0.0033096313	-0.5166695	-0.51734304	-8e-06
1.5500000000000006e-09	0.085221455	0.0031793157	-0.5144321	-0.51510286	-8e-06
1.5600121312678682e-09	0.08508206	0.0031283097	-0.5121648	-0.5128327	-8e-06
1.5700223905427213e-09	0.08487319	0.0032462808	-0.50987846	-0.51054335	-8e-06
1.5800326769216642e-09	0.084764875	0.0034808903	-0.5075698	-0.5082316	-8e-06
1.5900429159442818e-09	0.08483015	0.0037004026	-0.5052357	-0.50589406	-8e-06
1.6000000000000007e-09	0.084993824	0.0038093063	-0.50288564	-0.5035406	-8e-06
1.6100106290715833e-09	0.08510844	0.0038196843	-0.5004923	-0.50114346	-8e-06
1.6200207939551039e-09	0.08507431	0.0038258736	-0.4980658	-0.4987133	-8e-06
1.6300309341835197e-09	0.08491861	0.0039238185	-0.49560383	-0.49624747	-8e-06
1.6400410278402727e-09	0.08476185	0.00413476	-0.49310324	-0.49374303	-8e-06
1.6500000000000007e-09	0.084713005	0.004394616	-0.49057373	-0.4912096	-8e-06
1.6600123323050566e-09	0.08478242	0.004617964	-0.48798543	-0.48861718	-8e-06
1.6700224063734077e-09	0.084882036	0.004761971	-0.48534963	-0.48597726	-8e-06
1.6800323927908612e-09	0.08490317	0.0048600314	-0.48266384	-0.48328727	-8e-06
1.690042357300185e-09	0.08480722	0.0049844766	-0.47992676	-0.4805461	-8e-06
1.7000000000000007e-09	0.08465271	0.005181632	-0.4771521	-0.4777673	-8e-06
1.7100198620877278e-09	0.08453736	0.0054398547	-0.474307	-0.47491798	-8e-06
1.720029738516207e-09	0.084519915	0.0056989044	-0.47141048	-0.4720172	-8e-06
1.7300396053701296e-09	0.08457241	0.0059062885	-0.46845978	-0.46906215	-8e-06
1.7400494143923202e-09	0.08461146	0.006054866	-0.4654559	-0.46605402	-8e-06
1.7500000000000008e-09	0.08457222	0.0061796564	-0.46241954	-0.46301335	-8e-06
1.7600141839774328e-09	0.084459744	0.0063248132	-0.4593161	-0.45990562	-8e-06
1.7700239598635192e-09	0.08434106	0.0065037776	-0.4561695	-0.45675462	-8e-06
1.7800337690432584e-09	0.08428472	0.0066942913	-0.4529814	-0.45356226	-8e-06
1.7900435722345494e-09	0.08430485	0.006858341	-0.44975546	-0.45033184	-8e-06
1.8000000000000008e-09	0.08435451	0.006971539	-0.44651297	-0.447085	-8e-06
1.8100104663609439e-09	0.08437116	0.007040901	-0.44322342	-0.443791	-8e-06
1.8200202610655646e-09	0.084327824	0.007093706	-0.43990907	-0.44047222	-8e-06
1.8300300385987272e-09	0.08425265	0.007157743	-0.43657348	-0.43713227	-8e-06
1.840039834793334e-09	0.08419993	0.007240752	-0.43321985	-0.4337743	-8e-06
1.8500000000000008e-09	0.08420244	0.0073271273	-0.42986715	-0.43041724	-8e-06
1.8600066079419886e-09	0.08424642	0.00739439	-0.4264847	-0.42703056	-8e-06
1.8700164130745754e-09	0.08428643	0.007430531	-0.42308828	-0.42362985	-8e-06
1.8800262021283297e-09	0.084284544	0.007445693	-0.41967994	-0.42021742	-8e-06
1.890036008600101e-09	0.08423984	0.007464169	-0.41626042	-0.4167939	-8e-06
1.900000000000001e-09	0.08418536	0.0075050355	-0.4128456	-0.4133752	-8e-06
1.910005755838345e-09	0.08415686	0.0075680465	-0.40940526	-0.40993103	-8e-06
1.9200155949181448e-09	0.08416449	0.007633958	-0.4059519	-0.40647396	-8e-06
1.930025441090976e-09	0.084186405	0.0076811663	-0.40248716	-0.4030055	-8e-06
1.9400353036653746e-09	0.084190056	0.007702698	-0.39901185	-0.39952657	-8e-06
1.950000000000001e-09	0.08416062	0.0077095833	-0.39554343	-0.39605463	-8e-06
1.9600104577211907e-09	0.08411147	0.0077186213	-0.39205265	-0.39256042	-8e-06
1.9700203320996096e-09	0.08407211	0.007735702	-0.38855875	-0.38906303	-8e-06
1.980030206680327e-09	0.08406319	0.007749365	-0.3850649	-0.38556588	-8e-06
1.9900400938672005e-09	0.084081545	0.0077393763	-0.38157558	-0.38207325	-8e-06
2.000000000000001e-09	0.08410611	0.0076925326	-0.3781134	-0.3786078	-8e-06
2.0100487970595765e-09	0.08411791	0.007610047	-0.3746361	-0.37512738	-8e-06
2.020006052193704e-09	0.08411523	0.007506726	-0.37121257	-0.37170067	-8e-06
2.0300159731172583e-09	0.08411386	0.007393413	-0.36779916	-0.36828414	-8e-06
2.0400259151808652e-09	0.0841322	0.007272176	-0.36441985	-0.36490172	-8e-06
2.050000000000001e-09	0.084175654	0.007135172	-0.36109173	-0.36157045	-8e-06
2.0600514934999657e-09	0.084233664	0.006971662	-0.35778204	-0.35825756	-8e-06
2.070008775535494e-09	0.08428734	0.0067841993	-0.35455114	-0.35502347	-8e-06
2.0800187897082817e-09	0.08432681	0.006580399	-0.35135448	-0.35182345	-8e-06
2.0900288386975974e-09	0.08435528	0.0063753305	-0.34821138	-0.348677	-8e-06
2.100000000000001e-09	0.08438522	0.006178466	-0.345135	-0.34559733	-8e-06
2.1100442728037726e-09	0.084426776	0.0059867594	-0.34209156	-0.34255034	-8e-06
2.1200016589992393e-09	0.08447796	0.005796647	-0.33912894	-0.3395842	-8e-06
2.130011746503703e-09	0.08452862	0.005600942	-0.33620444	-0.33665615	-8e-06
2.1400218559982063e-09	0.08456747	0.005403325	-0.33333284	-0.33378085	-8e-06
2.150000000000001e-09	0.08459199	0.005212668	-0.33052126	-0.33096567	-8e-06
2.160007601242621e-09	0.084609486	0.0050353124	-0.32775065	-0.32819125	-8e-06
2.1700177577981787e-09	0.08462986	0.0048731975	-0.32502633	-0.32546318	-8e-06
2.1800279200565678e-09	0.0846576	0.004721535	-0.32234687	-0.32277983	-8e-06
2.19003810231451e-09	0.08468872	0.0045740423	-0.31970975	-0.32013893	-8e-06
2.200000000000001e-09	0.084714845	0.0044290163	-0.31712535	-0.31755063	-8e-06
2.2100291575696437e-09	0.08473107	0.0042878133	-0.3145615	-0.31498292	-8e-06
2.220039378397374e-09	0.084738985	0.0041571134	-0.31203836	-0.3124559	-8e-06
2.230049571324023e-09	0.08474539	0.0040397416	-0.30954885	-0.30996245	-8e-06
2.240007108412286e-09	0.08475603	0.0039346092	-0.30710354	-0.30751333	-8e-06
2.250000000000001e-09	0.08477141	0.0038361163	-0.3046786	-0.30508453	-8e-06
2.2600156634244263e-09	0.08478694	0.0037406886	-0.30227524	-0.30267733	-8e-06
2.270025875735319e-09	0.084797144	0.0036485894	-0.29989833	-0.30029655	-8e-06
2.280036122821451e-09	0.08480031	0.0035630392	-0.2975444	-0.29793888	-8e-06
2.2900463729400523e-09	0.0847994	0.0034875222	-0.2952116	-0.29560235	-8e-06
2.300000000000001e-09	0.08479927	0.0034231527	-0.292911	-0.29329798	-8e-06
2.310013378424266e-09	0.084802635	0.003366796	-0.29061362	-0.29099697	-8e-06
2.3200236271196598e-09	0.084808156	0.0033153994	-0.28833228	-0.28871197	-8e-06
2.330033898425917e-09	0.084811956	0.0032671038	-0.28606442	-0.28644046	-8e-06
2.340044118409725e-09	0.084811	0.0032228557	-0.28380835	-0.28418076	-8e-06
2.350000000000001e-09	0.08480552	0.0031853714	-0.2815746	-0.28194344	-8e-06
2.3600117438430934e-09	0.08479843	0.0031559593	-0.27933684	-0.27970213	-8e-06
2.3700219338743942e-09	0.08479292	0.003134186	-0.27710646	-0.2774683	-8e-06
2.3800321146731157e-09	0.08478991	0.003117464	-0.2748818	-0.27524012	-8e-06
2.3900423088192525e-09	0.08478752	0.003103263	-0.27266157	-0.27301636	-8e-06
2.4000000000000012e-09	0.084782995	0.0030909295	-0.27045614	-0.27080745	-8e-06
2.4100114254505716e-09	0.084774934	0.003081565	-0.26824096	-0.26858887	-8e-06
2.420021591651299e-09	0.08476437	0.0030769461	-0.26602736	-0.26637182	-8e-06
2.430031772555054e-09	0.08475383	0.0030774996	-0.26381412	-0.26415515	-8e-06
2.4400419718933098e-09	0.08474517	0.0030818114	-0.2616005	-0.26193815	-8e-06
2.4500000000000013e-09	0.08473823	0.0030875737	-0.25939742	-0.2597317	-8e-06
2.46003862699573e-09	0.0847311	0.0030933423	-0.25717494	-0.2575059	-8e-06
2.4700487812836206e-09	0.084722005	0.0030991503	-0.2549569	-0.2552845	-8e-06
2.480006269509805e-09	0.08471068	0.0031061189	-0.25274834	-0.25307262	-8e-06
2.4900164063012036e-09	0.08469844	0.0031151418	-0.2505257	-0.2508467	-8e-06
2.5000000000000013e-09	0.08468729	0.0031256347	-0.24830656	-0.24862432	-8e-06
2.5100143542561903e-09	0.08467805	0.0031359764	-0.24607827	-0.24639273	-8e-06
2.5200244246336863e-09	0.08467001	0.003144403	-0.24384867	-0.24415994	-8e-06
2.5300344682756205e-09	0.08466163	0.0031502412	-0.24161723	-0.24192531	-8e-06
2.5400445150738414e-09	0.084652	0.0031539567	-0.23938441	-0.2396893	-8e-06
2.5500000000000013e-09	0.08464161	0.0031563332	-0.23716289	-0.2374647	-8e-06
2.5600117198686205e-09	0.08463177	0.0031575134	-0.23492853	-0.23522726	-8e-06
2.570021740545283e-09	0.084623724	0.0031566191	-0.23269503	-0.2329907	-8e-06
2.5800317765290686e-09	0.08461754	0.0031523898	-0.23046273	-0.23075542	-8e-06
2.590041799587701e-09	0.08461222	0.0031440372	-0.22823252	-0.22852226	-8e-06
2.6000000000000014e-09	0.08460675	0.0031317763	-0.22601679	-0.22630365	-8e-06
2.6100216234763066e-09	0.08460073	0.0031162035	-0.22379087	-0.22407484	-8e-06
2.6200316785326078e-09	0.084594876	0.0030979996	-0.22157231	-0.22185345	-8e-06
2.630041685696853e-09	0.08459017	0.0030770702	-0.21935949	-0.21963783	-8e-06
2.640051733353242e-09	0.0845871	0.003052779	-0.21715337	-0.21742892	-8e-06
2.6500000000000014e-09	0.08458528	0.0030246533	-0.21496838	-0.21524127	-8e-06
2.6600151692616597e-09	0.08458384	0.0029921976	-0.2127773	-0.21304743	-8e-06
2.670025206926278e-09	0.08458218	0.0029560206	-0.21059687	-0.21086426	-8e-06
2.6800352481656496e-09	0.08458043	0.002916646	-0.20842692	-0.20869163	-8e-06
2.690045306352775e-09	0.0845793	0.002874259	-0.20626847	-0.20653048	-8e-06
2.7000000000000014e-09	0.08457943	0.0028287992	-0.20413435	-0.20439363	-8e-06
2.71001231840796e-09	0.08458096	0.0027791865	-0.20200129	-0.20225787	-8e-06
2.7200223870542775e-09	0.08458342	0.0027253514	-0.19988327	-0.2001371	-8e-06
2.7300324305232407e-09	0.084586255	0.0026673875	-0.1977808	-0.19803189	-8e-06
2.740042504391102e-09	0.08458929	0.0026057255	-0.19569497	-0.19594328	-8e-06
2.7500000000000015e-09	0.08459278	0.002541129	-0.19363755	-0.1938831	-8e-06
2.7600223171366437e-09	0.084597334	0.002472975	-0.19158536	-0.19182813	-8e-06
2.77003239373527e-09	0.084603176	0.0024017144	-0.18955524	-0.18979521	-8e-06
2.7800424869667634e-09	0.08461016	0.0023272657	-0.18754552	-0.18778268	-8e-06
2.7900526107498592e-09	0.08461776	0.0022499538	-0.18555696	-0.1857913	-8e-06
2.8000000000000015e-09	0.08462547	0.0021709711	-0.18360245	-0.18383399	-8e-06
2.8100154488779754e-09	0.084633306	0.0020901088	-0.18165676	-0.18188551	-8e-06
2.8200255924646217e-09	0.084641434	0.0020087126	-0.1797347	-0.17996067	-8e-06
2.830035733120098e-09	0.08465006	0.001927317	-0.17783535	-0.17805855	-8e-06
2.840045868258405e-09	0.08465917	0.0018463806	-0.17595863	-0.17617911	-8e-06
2.8500000000000015e-09	0.08466831	0.0017669185	-0.17411458	-0.17433241	-8e-06
2.860012872616851e-09	0.08467714	0.0016887843	-0.17228149	-0.17249669	-8e-06
2.87002302354894e-09	0.0846853	0.0016133841	-0.17047015	-0.17068274	-8e-06
2.8800331743438706e-09	0.08469283	0.0015415811	-0.16867918	-0.1688892	-8e-06
2.8900433142133633e-09	0.084699854	0.0014740495	-0.16690747	-0.167115	-8e-06
2.9000000000000016e-09	0.084706485	0.0014115836	-0.16516317	-0.16536824	-8e-06
2.91001088797267e-09	0.08471261	0.0013539026	-0.16342595	-0.16362865	-8e-06
2.9200210511942337e-09	0.08471792	0.0013017969	-0.16170397	-0.1619043	-8e-06
2.9300312331348383e-09	0.08472214	0.0012557842	-0.15999545	-0.16019349	-8e-06
2.9400413835563258e-09	0.084725216	0.0012163793	-0.15829854	-0.15849435	-8e-06
2.9500000000000016e-09	0.084727235	0.0011841052	-0.15662013	-0.15681374	-8e-06
2.9600399472031113e-09	0.08472842	0.0011587295	-0.15493584	-0.1551273	-8e-06
2.9700500918485504e-09	0.0847288	0.0011406112	-0.15326244	-0.15345177	-8e-06
2.980007568336813e-09	0.084728256	0.0011296906	-0.15160161	-0.1517889	-8e-06
2.9900177028899545e-09	0.08472662	0.0011258994	-0.14993383	-0.15011907	-8e-06
3.0000000000000016e-09	0.08472377	0.0011293525	-0.14827044	-0.14845368	-8e-06
3.0100136565873826e-09	0.08471981	0.0011400733	-0.14659964	-0.14678091	-8e-06
3.0200238141954562e-09	0.084714875	0.0011579256	-0.14492518	-0.1451045	-8e-06
3.0300339639571894e-09	0.08470912	0.0011826312	-0.14324461	-0.14342201	-8e-06
3.040044084668366e-09	0.084702566	0.0012138671	-0.14155604	-0.14173153	-8e-06
3.0500000000000017e-09	0.08469517	0.0012511127	-0.13986693	-0.14004053	-8e-06
3.060011520561674e-09	0.084686756	0.0012945272	-0.1381569	-0.13832863	-8e-06
3.0700216745354027e-09	0.084677406	0.0013436477	-0.13643402	-0.13660386	-8e-06
3.080031806520586e-09	0.08466722	0.0013981726	-0.1346965	-0.13486448	-8e-06
3.0900419313251304e-09	0.08465639	0.0014577024	-0.13294293	-0.13310903	-8e-06
3.1000000000000017e-09	0.08464504	0.0015214538	-0.13118127	-0.13134548	-8e-06
3.1100511255099663e-09	0.084633015	0.0015899581	-0.12938452	-0.12954682	-8e-06
3.120008562379246e-09	0.0846205	0.0016615757	-0.12758493	-0.12774535	-8e-06
3.1300186599949014e-09	0.08460727	0.0017370253	-0.12575524	-0.1259137	-8e-06
3.1400288148397236e-09	0.08459351	0.0018156412	-0.12390394	-0.12406044	-8e-06
3.1500000000000017e-09	0.084579356	0.0018967704	-0.122037604	-0.12219212	-8e-06
3.16004413412417e-09	0.08456475	0.0019809876	-0.12013444	-0.12028693	-8e-06
3.1700015630355237e-09	0.08454997	0.0020666232	-0.11822413	-0.118374564	-8e-06
3.180011714929821e-09	0.08453479	0.0021546048	-0.1162795	-0.1164278	-8e-06
3.1900218625848543e-09	0.08451922	0.002244274	-0.11431006	-0.114456214	-8e-06
3.2000000000000018e-09	0.0845033	0.002335165	-0.11232185	-0.112465784	-8e-06
3.2100075685123474e-09	0.08448701	0.002427667	-0.11030228	-0.11044393	-8e-06
3.2200176847370837e-09	0.084470436	0.0025213528	-0.10825627	-0.10839558	-8e-06
3.2300278215267674e-09	0.08445363	0.002616005	-0.1061841	-0.10632098	-8e-06
3.24003793558951e-09	0.08443655	0.0027114374	-0.104085535	-0.10421989	-8e-06
3.250000000000002e-09	0.084419236	0.0028070358	-0.10197065	-0.102102436	-8e-06
3.2600323656757665e-09	0.08440146	0.0029037977	-0.09981407	-0.0999432	-8e-06
3.2700425037645883e-09	0.08438339	0.0030006808	-0.09763543	-0.09776181	-8e-06
3.280052616740811e-09	0.08436504	0.0030976974	-0.095429964	-0.095553495	-8e-06
3.290010088639793e-09	0.08434658	0.003194102	-0.09320943	-0.09333006	-8e-06
3.300000000000002e-09	0.0843279	0.0032904602	-0.090955086	-0.0910727	-8e-06
3.3100152775306915e-09	0.084309	0.0033864412	-0.08866839	-0.08878293	-8e-06
3.3200254244382384e-09	0.084289946	0.0034814847	-0.086356446	-0.08646783	-8e-06
3.330035567137198e-09	0.0842708	0.0035753592	-0.08401843	-0.08412658	-8e-06
3.340045743155642e-09	0.084251605	0.003667763	-0.0816547	-0.08175954	-8e-06
3.350000000000002e-09	0.08423261	0.0037578675	-0.07927914	-0.07938062	-8e-06
3.360012796619187e-09	0.08421367	0.0038463569	-0.07686499	-0.07696303	-8e-06
3.3700229703340624e-09	0.08419496	0.0039323275	-0.074427426	-0.074521974	-8e-06
3.3800331406204916e-09	0.084176525	0.0040154853	-0.07196656	-0.07205756	-8e-06
3.3900433098635484e-09	0.08415846	0.0040955283	-0.06948321	-0.06957062	-8e-06
3.400000000000002e-09	0.08414089	0.004171754	-0.0669917	-0.067075506	-8e-06
3.410010929234676e-09	0.08412378	0.0042447173	-0.06446607	-0.064546205	-8e-06
3.4200211040957247e-09	0.08410726	0.0043137358	-0.06192102	-0.061997484	-8e-06
3.4300312589110165e-09	0.084091425	0.004378593	-0.059357483	-0.059430234	-8e-06
3.4400414312620865e-09	0.08407627	0.0044391197	-0.05677657	-0.056845613	-8e-06
3.450000000000002e-09	0.0840619	0.0044949166	-0.054192893	-0.054258246	-8e-06
3.4600345531634463e-09	0.08404812	0.004546596	-0.05157448	-0.05163615	-8e-06
3.4700447064810093e-09	0.08403509	0.004593542	-0.04894862	-0.04900663	-8e-06
3.4800021988057856e-09	0.08402284	0.0046356064	-0.046324134	-0.04637854	-8e-06
3.490012398427368e-09	0.08401126	0.004673176	-0.043674503	-0.043725334	-8e-06
3.500000000000002e-09	0.08400042	0.0047058566	-0.041020878	-0.041068204	-8e-06
3.5100149740567704e-09	0.08399029	0.004733702	-0.03835132	-0.03839519	-8e-06
3.520025177670731e-09	0.083980955	0.004756462	-0.03567575	-0.03571623	-8e-06
3.5300353920908167e-09	0.08397243	0.00477397	-0.03299431	-0.03303146	-8e-06
3.5400455668372905e-09	0.08396484	0.004786008	-0.030308545	-0.030342419	-8e-06
3.550000000000002e-09	0.08395831	0.0047923024	-0.02763499	-0.02766564	-8e-06
3.5600127100108157e-09	0.08395292	0.0047926763	-0.024944652	-0.0249721	-8e-06
3.5700229167655102e-09	0.083948776	0.0047868565	-0.022255579	-0.022279847	-8e-06
3.5800330886539877e-09	0.08394598	0.0047746752	-0.01956889	-0.019589974	-8e-06
3.590043302641433e-09	0.08394459	0.0047560423	-0.016886374	-0.016904254	-8e-06
3.600000000000002e-09	0.08394467	0.004731109	-0.014224138	-0.014238805	-8e-06
3.6100110107400597e-09	0.083944395	0.004734678	-0.011577479	-0.011589028	-8e-06
3.6200212352861403e-09	0.08395019	0.0048419912	-0.008941648	-0.008949904	-8e-06
3.630031473133291e-09	0.08396101	0.004909013	-0.0063180383	-0.0063227727	-8e-06
3.640041687748953e-09	0.08397212	0.004843777	-0.0037088203	-0.0037099868	-8e-06
3.650000000000002e-09	0.0839795	0.0046729106	-0.001129481	-0.0011271	-8e-06
3.6600121351279894e-09	0.08398576	0.004554813	0.0014110438	0.0014167232	-8e-06
3.6700223592153504e-09	0.08399684	0.0046981187	0.003931039	0.00394025	-8e-06
3.680032590097892e-09	0.08401381	0.0048795636	0.006430807	0.006443883	-8e-06
3.6900428067065247e-09	0.084031254	0.004881597	0.008909108	0.008926069	-8e-06
3.700000000000002e-09	0.084044114	0.0046605095	0.0113513945	0.011372179	-8e-06
3.7100105795250807e-09	0.08405655	0.0044021565	0.0137546	0.0137788085	-8e-06
3.720020808491697e-09	0.084067576	0.0043967264	0.016133074	0.01616079	-8e-06
3.730031073506788e-09	0.08408043	0.004534023	0.018488254	0.01851969	-8e-06
3.7400413149408975e-09	0.08409475	0.004612416	0.020820402	0.020855557	-8e-06
3.750000000000002e-09	0.08410708	0.0045085917	0.023117313	0.02315608	-8e-06
3.760040094113322e-09	0.084122226	0.0043016504	0.025386067	0.025428018	-8e-06
3.770050350176844e-09	0.084133446	0.0042250175	0.027624508	0.027669638	-8e-06
3.7800079447736295e-09	0.08414215	0.004241618	0.029829497	0.029877897	-8e-06
3.7900182186338e-09	0.08414954	0.0042569935	0.032024983	0.03207662	-8e-06
3.800000000000002e-09	0.08415454	0.0042036646	0.034193378	0.034248043	-8e-06
3.8100131333846885e-09	0.08416684	0.0041127275	0.036328863	0.03638618	-8e-06
3.820023429382769e-09	0.08417895	0.0041029463	0.03844401	0.038504004	-8e-06
3.8300337382677675e-09	0.08418787	0.0040981085	0.040540867	0.040603675	-8e-06
3.840044042846868e-09	0.084191225	0.0040382887	0.04261969	0.04268519	-8e-06
3.850000000000001e-09	0.08418891	0.0039331988	0.044669293	0.044737242	-8e-06
3.860011797009091e-09	0.08419575	0.0038589137	0.04669649	0.04676657	-8e-06
3.870022058891829e-09	0.08420639	0.0039086435	0.048706703	0.048778944	-8e-06
3.88003233307649e-09	0.08421637	0.0039638737	0.05070165	0.050776213	-8e-06
3.8900426331665684e-09	0.08422042	0.0039213574	0.052681364	0.052758217	-8e-06
3.900000000000001e-09	0.08421651	0.0037853126	0.054634906	0.054713823	-8e-06
3.910010566135889e-09	0.084220104	0.0036645746	0.056568895	0.056649577	-8e-06
3.920020875561308e-09	0.08422732	0.003687777	0.05848755	0.058570016	-8e-06
3.930031169834019e-09	0.08423572	0.003763438	0.060392253	0.06047669	-8e-06
3.940041455604426e-09	0.084240764	0.0037705235	0.062283155	0.062369574	-8e-06
3.950000000000001e-09	0.08423924	0.0036711756	0.06414991	0.064238176	-8e-06
3.96002501471032e-09	0.084244445	0.0035445495	0.06600182	0.0660917	-8e-06
3.970035345528581e-09	0.0842507	0.003522119	0.067836314	0.06792786	-8e-06
3.9800456693173254e-09	0.08425621	0.0035581326	0.06965718	0.06975053	-8e-06
3.9900033091844675e-09	0.084258884	0.003566995	0.071455166	0.071550384	-8e-06
4e-09	0.08425776	0.0035060863	0.07324647	0.0733435	-8e-06
4.010015895936061e-09	0.084266074	0.00341762	0.07501606	0.075114734	-8e-06
4.020026232917183e-09	0.08427517	0.0033957413	0.076770686	0.07687109	-8e-06
4.0300365418910356e-09	0.08428061	0.0034018557	0.07851215	0.07861443	-8e-06
4.0400468472566896e-09	0.084280185	0.0033809892	0.0802407	0.08034489	-8e-06
4.050053026351168e-09	0.08427579	0.0033163389	0.081955336	0.08206143	-8e-06
4.060013745950191e-09	0.08428359	0.0032512648	0.08363914	0.08374699	-8e-06
4.070024055103769e-09	0.08429499	0.003254314	0.08531845	0.08542816	-8e-06
4.080034418832977e-09	0.084303014	0.0032709376	0.086985685	0.08709741	-8e-06
4.0900447559343144e-09	0.08430266	0.0032427358	0.08864106	0.088754855	-8e-06
4.10005286975031e-09	0.084295474	0.0031638064	0.09028408	0.09039989	-8e-06
4.110012413659206e-09	0.084300056	0.0030916499	0.09189794	0.09201566	-8e-06
4.120022739535094e-09	0.084309705	0.0030999233	0.09350849	0.09362818	-8e-06
4.130033054569438e-09	0.08431832	0.0031338306	0.09510832	0.095230125	-8e-06
4.140043418371339e-09	0.0843196	0.0031245367	0.096697874	0.09682181	-8e-06
4.150052770048172e-09	0.08431316	0.003054417	0.09827681	0.098402835	-8e-06
4.1600113839750755e-09	0.0843167	0.0029773407	0.099828504	0.0999565	-8e-06
4.170021737902978e-09	0.08432334	0.0029740436	0.10137816	0.101508155	-8e-06
4.180032109122165e-09	0.084328935	0.0030054073	0.102918476	0.10305057	-8e-06
4.190042466078057e-09	0.08432912	0.003009159	0.10444989	0.1045841	-8e-06
4.200052697960747e-09	0.08432396	0.002959521	0.10597231	0.10610857	-8e-06
4.210010553577612e-09	0.08432983	0.0028954593	0.10746925	0.10760746	-8e-06
4.220020953687776e-09	0.08433664	0.0028899896	0.1089653	0.10910545	-8e-06
4.230031314893552e-09	0.08433955	0.002911579	0.11045316	0.11059533	-8e-06
4.240041690063947e-09	0.084336124	0.0029111805	0.11193311	0.11207728	-8e-06
4.25000127937784e-09	0.08432924	0.0028697257	0.11339771	0.11354383	-8e-06
4.260049986360653e-09	0.08433704	0.002819371	0.11485879	0.115006745	-8e-06
4.270007716843398e-09	0.08434651	0.002823994	0.11629878	0.116448596	-8e-06
4.280018092401851e-09	0.08435022	0.002846163	0.11773894	0.11789064	-8e-06
4.290028491504454e-09	0.08434477	0.0028400174	0.11917175	0.119325325	-8e-06
4.3000275851717785e-09	0.08433488	0.0027934662	0.120595485	0.12075088	-8e-06
4.3100445199294035e-09	0.0843419	0.0027441646	0.12200566	0.12216274	-8e-06
4.3200022795469e-09	0.08435269	0.002754342	0.12339995	0.12355874	-8e-06
4.330012689982527e-09	0.0843585	0.0027827257	0.124794364	0.12495494	-8e-06
4.340023064280315e-09	0.084354	0.002779084	0.12618151	0.12634385	-8e-06
4.350038447138651e-09	0.08434342	0.002729706	0.12756187	0.12772588	-8e-06
4.360004723397684e-09	0.0843494	0.002674636	0.12891948	0.12908511	-8e-06
4.3700151562610205e-09	0.08435947	0.0026794001	0.13027537	0.13044259	-8e-06
4.380025574528666e-09	0.08436543	0.0027070076	0.13162373	0.13179262	-8e-06
4.39003599879303e-09	0.08436197	0.0027069715	0.13296452	0.13313508	-8e-06
4.4000124836917185e-09	0.08435276	0.0026615374	0.13429303	0.13446519	-8e-06
4.410001691694642e-09	0.08435976	0.0026049053	0.13560724	0.1357809	-8e-06
4.4200121063210865e-09	0.08436962	0.0026018017	0.13691604	0.13709125	-8e-06
4.430022487020564e-09	0.0843745	0.0026212481	0.13821687	0.13839367	-8e-06
4.440032919713382e-09	0.08437024	0.0026186935	0.13950968	0.13968807	-8e-06
4.450018658326574e-09	0.084361546	0.0025764822	0.14079112	0.14097103	-8e-06
4.460023614060007e-09	0.08437013	0.0025231505	0.14205907	0.14224046	-8e-06
4.4700340624029866e-09	0.08438137	0.00251685	0.14331912	0.14350204	-8e-06
4.4800444960581555e-09	0.08438637	0.0025288232	0.14457078	0.14475524	-8e-06
4.490002208447141e-09	0.08438104	0.0025204523	0.14580747	0.14599344	-8e-06
4.500053588443114e-09	0.084371336	0.0024770247	0.14704713	0.14723465	-8e-06
4.510016043857695e-09	0.08437975	0.0024259237	0.14826013	0.1484491	-8e-06
4.520026499495784e-09	0.08439201	0.002418526	0.1494701	0.14966056	-8e-06
4.5300369470030924e-09	0.08439831	0.0024268946	0.15067136	0.15086332	-8e-06
4.540047389578266e-09	0.08439342	0.002414877	0.15186384	0.15205732	-8e-06
4.550053075563908e-09	0.08438328	0.0023699205	0.15304683	0.15324181	-8e-06
4.560014234180377e-09	0.08439037	0.002318054	0.15420918	0.1544056	-8e-06
4.5700246919725126e-09	0.084401965	0.0023075864	0.15536815	0.15556605	-8e-06
4.580035168081352e-09	0.08440876	0.0023128784	0.15651812	0.15671752	-8e-06
4.590045628443487e-09	0.084405124	0.0022998182	0.15765905	0.15785995	-8e-06
4.600052950999205e-09	0.08439602	0.0022554651	0.15879045	0.15899284	-8e-06
4.61001326531045e-09	0.08440259	0.0022031725	0.15990148	0.16010527	-8e-06
4.620023750011407e-09	0.08441297	0.002188197	0.16100869	0.16121395	-8e-06
4.6300342326614565e-09	0.08441898	0.0021885803	0.16210657	0.16231336	-8e-06
4.64004474095392e-09	0.084415756	0.00217379	0.16319518	0.16340342	-8e-06
4.650052880495903e-09	0.084407985	0.0021309385	0.16427411	0.16448382	-8e-06
4.660012639411504e-09	0.084415145	0.0020799013	0.16533293	0.16554406	-8e-06
4.670023146017316e-09	0.08442526	0.0020617195	0.16638751	0.16660008	-8e-06
4.680033663526156e-09	0.084430516	0.0020569903	0.16743249	0.16764653	-8e-06
4.690044159394231e-09	0.0844269	0.0020390125	0.16846785	0.16868332	-8e-06
4.70005283890222e-09	0.08441961	0.0019963142	0.16949333	0.16971025	-8e-06
4.710012267445834e-09	0.08442727	0.0019466279	0.17049904	0.17071733	-8e-06
4.720022737395486e-09	0.08443773	0.0019270239	0.1715	0.1717197	-8e-06
4.730033250531359e-09	0.08444302	0.0019190311	0.17249112	0.17271222	-8e-06
4.740043735215905e-09	0.08443939	0.0018983189	0.17347236	0.17369486	-8e-06
4.7500528082688835e-09	0.08443213	0.0018548819	0.17444362	0.17466749	-8e-06
4.760011950923349e-09	0.084431715	0.0017991611	0.17539945	0.1756247	-8e-06
4.770022447353435e-09	0.0844385	0.0017523644	0.17635038	0.17657697	-8e-06
4.780032972103747e-09	0.08444708	0.0017228782	0.17729159	0.17751949	-8e-06
4.790043490634752e-09	0.084450625	0.0017043254	0.1782232	0.1784524	-8e-06
4.8000527885444785e-09	0.08444855	0.0016825601	0.17914522	0.17937574	-8e-06
4.810011723487737e-09	0.08444578	0.001647281	0.1800533	0.1802851	-8e-06
4.820022262033148e-09	0.08444615	0.0016003626	0.18095666	0.18118979	-8e-06
4.8300328179841735e-09	0.084449485	0.0015544697	0.18185073	0.18208508	-8e-06
4.840043359239625e-09	0.084453315	0.001520292	0.18273564	0.18297121	-8e-06
4.850052780972155e-09	0.084456265	0.0014975533	0.18361154	0.18384835	-8e-06
4.860011625649773e-09	0.08445849	0.0014766881	0.18447438	0.18471238	-8e-06
4.870022165368667e-09	0.08445984	0.0014485992	0.18533304	0.18557225	-8e-06
4.8800327094552305e-09	0.08445985	0.00141205	0.18618311	0.18642351	-8e-06
4.890043265396824e-09	0.08445919	0.0013729201	0.18702483	0.18726638	-8e-06
4.900052772617314e-09	0.08445983	0.0013388527	0.18785834	0.18810102	-8e-06
4.91001158616056e-09	0.084463	0.0013131865	0.18867977	0.18892357	-8e-06
4.920022140719524e-09	0.08446738	0.0012928033	0.18949778	0.1897427	-8e-06
4.9300326787697774e-09	0.08447019	0.0012715762	0.19030826	0.19055428	-8e-06
4.9400432138673285e-09	0.084470086	0.0012449016	0.19111143	0.19135857	-8e-06
4.950052767545366e-09	0.084468424	0.0012136002	0.19190755	0.19215569	-8e-06
4.96001152865078e-09	0.08446782	0.0011833622	0.19269282	0.19294205	-8e-06
4.970022099491656e-09	0.08446973	0.0011590936	0.19347568	0.19372593	-8e-06
4.9800326719600854e-09	0.084473334	0.0011411951	0.19425224	0.19450352	-8e-06
4.990043252112766e-09	0.08447657	0.0011252682	0.19502285	0.1952751	-8e-06
5.000052775549123e-09	0.0844777	0.0011066407	0.19578765	0.19604091	-8e-06
5.010011569858389e-09	0.084476635	0.0010844402	0.19654323	0.19679749	-8e-06
5.020022171028035e-09	0.084474966	0.0010614712	0.19729765	0.19755286	-8e-06
5.030032781499387e-09	0.0844748	0.0010418642	0.19804718	0.19830337	-8e-06
5.040043322470502e-09	0.08447706	0.0010273788	0.19879219	0.19904928	-8e-06
5.050052783203971e-09	0.08448041	0.0010163703	0.19953291	0.19979097	-8e-06
5.060011766675383e-09	0.084482454	0.00100554	0.20026611	0.20052508	-8e-06
5.0700223663315485e-09	0.08448183	0.0009925468	0.20099954	0.20125945	-8e-06
5.08003295010224e-09	0.084479585	0.0009780509	0.20172973	0.20199053	-8e-06
5.090043520294195e-09	0.08447824	0.00096488296	0.20245697	0.20271869	-8e-06
5.10005279250361e-09	0.08447928	0.0009555554	0.20318152	0.20344415	-8e-06
5.1100118256956274e-09	0.084481865	0.0009501239	0.20390025	0.20416375	-8e-06
5.120022397098438e-09	0.08448372	0.0009462988	0.20462078	0.20488517	-8e-06
5.1300330313597215e-09	0.08448344	0.00094174466	0.20533977	0.20560503	-8e-06
5.1400436110698445e-09	0.08448157	0.00093597383	0.20605749	0.20632362	-8e-06
5.150052802985681e-09	0.084479876	0.00093057804	0.20677416	0.20704117	-8e-06
5.160011955772182e-09	0.08447962	0.0009276511	0.2074867	0.20775457	-8e-06
5.170022514911766e-09	0.084480636	0.0009279861	0.20820265	0.20847137	-8e-06
5.180033080408431e-09	0.08448176	0.00093065354	0.2089187	0.20918831	-8e-06
5.190043701132471e-09	0.08448189	0.0009338657	0.20963517	0.20990565	-8e-06
5.200052811076883e-09	0.08448073	0.0009365061	0.21035229	0.21062359	-8e-06
5.210012084504258e-09	0.0844789	0.00093899446	0.21106687	0.21133907	-8e-06
5.220022655726689e-09	0.08447739	0.0009428849	0.21178654	0.21205959	-8e-06
5.230033258465245e-09	0.084476896	0.000949397	0.2125079	0.21278182	-8e-06
5.240043853835649e-09	0.08447723	0.0009583589	0.21323133	0.21350607	-8e-06
5.25005282202578e-09	0.08447744	0.0009684491	0.21395697	0.2142326	-8e-06
5.2600121899013574e-09	0.084476605	0.0009784494	0.2146816	0.2149581	-8e-06
5.27002277480204e-09	0.08447464	0.0009884371	0.21541293	0.21569033	-8e-06
5.280033384170304e-09	0.084472395	0.0009993433	0.21614747	0.21642575	-8e-06
5.290044008373345e-09	0.084470876	0.0010121088	0.21688558	0.21716473	-8e-06
5.300052835827336e-09	0.08447032	0.0010268359	0.2176274	0.21790743	-8e-06
5.310012304713783e-09	0.08447001	0.0010427816	0.21836962	0.21865053	-8e-06
5.320022887017045e-09	0.084469035	0.0010593579	0.21912007	0.21940187	-8e-06
5.330033508621902e-09	0.084467076	0.0010762073	0.21987513	0.22015786	-8e-06
5.3400441623834e-09	0.08446455	0.0010936123	0.22063515	0.2209188	-8e-06
5.350052848813149e-09	0.08446228	0.0011120981	0.22140014	0.22168472	-8e-06
5.360012456293206e-09	0.08446071	0.0011319354	0.22216679	0.22245233	-8e-06
5.3700231154055575e-09	0.08445959	0.0011532324	0.22294308	0.2232295	-8e-06
5.380033686808787e-09	0.08445827	0.0011754151	0.22372527	0.22401261	-8e-06
5.390044303356458e-09	0.08445628	0.0011979921	0.22451358	0.22480187	-8e-06
5.400052861381216e-09	0.08445361	0.0012208746	0.22530808	0.22559738	-8e-06
5.4100126177250685e-09	0.084450774	0.0012442905	0.22610524	0.22639552	-8e-06
5.420023212428293e-09	0.08444828	0.0012688938	0.2269132	0.22720447	-8e-06
5.4300338733231255e-09	0.084446296	0.0012946463	0.22772817	0.2280204	-8e-06
5.440044498822088e-09	0.084444456	0.0013212309	0.22855026	0.22884354	-8e-06
5.450052876668498e-09	0.08444223	0.001348237	0.22937955	0.22967382	-8e-06
5.4600127296236e-09	0.084439345	0.0013753633	0.23021223	0.23050754	-8e-06
5.470023341046553e-09	0.08443609	0.0014030327	0.23105678	0.23135316	-8e-06
5.480033999065102e-09	0.08443292	0.0014313651	0.23190916	0.23220658	-8e-06
5.490044611568016e-09	0.08443015	0.0014604679	0.23276947	0.23306799	-8e-06
5.500052882611178e-09	0.084427625	0.0014902061	0.23363765	0.23393723	-8e-06
5.5100127990753884e-09	0.08442496	0.0015201765	0.23450974	0.2348104	-8e-06
5.520023467997838e-09	0.08442181	0.0015504791	0.23539452	0.23569632	-8e-06
5.530034132655961e-09	0.08441825	0.0015809449	0.23628767	0.23659062	-8e-06
5.540044751395171e-09	0.08441458	0.0016116907	0.23718925	0.23749335	-8e-06
5.550052898854135e-09	0.084411085	0.0016428101	0.23809911	0.23840436	-8e-06
5.560012955605747e-09	0.08440784	0.0016741093	0.23901309	0.23931952	-8e-06
5.5700236435966126e-09	0.084404625	0.0017057294	0.23994026	0.24024788	-8e-06
5.580034354287081e-09	0.08440118	0.0017373379	0.24087603	0.24118488	-8e-06
5.590044980926461e-09	0.084397376	0.0017688493	0.2418204	0.24213044	-8e-06
5.600052916542838e-09	0.084393315	0.0018002542	0.24277303	0.24308434	-8e-06
5.610013168398615e-09	0.084389284	0.0018314354	0.24372965	0.2440422	-8e-06
5.620023777940766e-09	0.08438543	0.0018626662	0.24469955	0.24501333	-8e-06
5.6300344698796615e-09	0.08438171	0.0018936764	0.24567784	0.24599293	-8e-06
5.640045142644459e-09	0.08437794	0.0019243323	0.24666445	0.24698082	-8e-06
5.65005292733641e-09	0.08437392	0.001954497	0.2476589	0.24797659	-8e-06
5.660013233794822e-09	0.08436968	0.0019839471	0.24865666	0.2489756	-8e-06
5.670023891404251e-09	0.084365346	0.0020129199	0.24966726	0.24998756	-8e-06
5.680034583046894e-09	0.084361136	0.0020412086	0.2506855	0.25100714	-8e-06
5.690045267984908e-09	0.08435711	0.0020687236	0.2517112	0.2520342	-8e-06
5.700052934142329e-09	0.08435316	0.0020953214	0.25274375	0.2530681	-8e-06
5.710013366281933e-09	0.08434914	0.0021207288	0.25377822	0.25410396	-8e-06
5.720024058044277e-09	0.084344976	0.0021450694	0.2548245	0.25515157	-8e-06
5.7300347951379715e-09	0.08434072	0.002168098	0.255877	0.2562054	-8e-06
5.740045461453933e-09	0.08433658	0.0021897065	0.25693527	0.25726506	-8e-06
5.750052953295216e-09	0.084332645	0.0022097873	0.25799865	0.2583298	-8e-06
5.760013535218104e-09	0.08432894	0.002228128	0.2590619	0.25939444	-8e-06
5.770024284096439e-09	0.08432532	0.0022447505	0.260135	0.2604689	-8e-06
5.7800349722415515e-09	0.08432169	0.0022593923	0.261212	0.26154727	-8e-06
5.790045625352938e-09	0.084318094	0.0022719128	0.2622923	0.26262894	-8e-06
5.800052966116437e-09	0.08431463	0.002282183	0.263375	0.263713	-8e-06
5.8100136705520234e-09	0.08431146	0.002290061	0.2644548	0.2647941	-8e-06
5.820024381549507e-09	0.08430859	0.0022954994	0.26554143	0.26588207	-8e-06
5.830035064602341e-09	0.084305964	0.00229832	0.26662874	0.26697072	-8e-06
5.840045802846032e-09	0.08430353	0.0022983837	0.26771605	0.26805934	-8e-06
5.850052984425806e-09	0.08430125	0.0022955728	0.2688022	0.26914677	-8e-06
5.860013835245721e-09	0.0842992	0.0022898142	0.2698817	0.27022758	-8e-06
5.870024502051574e-09	0.08429745	0.0022809727	0.27096418	0.27131134	-8e-06
5.880035259812223e-09	0.0842961	0.0022689977	0.27204344	0.27239186	-8e-06
5.8900459270802834e-09	0.08429512	0.0022538165	0.27311847	0.27346814	-8e-06
5.90005299529122e-09	0.08429445	0.0022353781	0.2741881	0.274539	-8e-06
5.910013952386889e-09	0.08429403	0.0022137363	0.27524695	0.27559906	-8e-06
5.9200247443150026e-09	0.084293865	0.0021886635	0.27630427	0.27665758	-8e-06
5.9300354943001885e-09	0.08429404	0.00216026	0.27735385	0.2777083	-8e-06
5.940046251330373e-09	0.0842946	0.0021285373	0.27839476	0.27875036	-8e-06
5.950053014314917e-09	0.084295526	0.0020935284	0.2794257	0.27978247	-8e-06
5.960014059098586e-09	0.08429679	0.002055448	0.28044155	0.28079948	-8e-06
5.970024864511708e-09	0.08429833	0.0020139955	0.28145123	0.28181025	-8e-06
5.9800356128188405e-09	0.08430011	0.0019694306	0.2824487	0.28280884	-8e-06
5.990046368460283e-09	0.08430214	0.0019218423	0.28343317	0.2837944	-8e-06
6.0000530241734e-09	0.08430698	0.0018693364	0.2844027	0.28476495	-8e-06
6.010014174322238e-09	0.08477132	0.0020480936	0.28520674	0.28556892	-8e-06
6.020024903341389e-09	0.08497572	0.0029442462	0.2859919	0.28635475	-8e-06
6.030035690055731e-09	0.0847867	0.003609368	0.28675365	0.28711814	-8e-06
6.040046444360398e-09	0.08439204	0.0034362674	0.28748706	0.287853	-8e-06
6.050053034494456e-09	0.08412382	0.0025907126	0.28818715	0.288554	-8e-06
6.0600142876459316e-09	0.08418411	0.0017752681	0.28885102	0.28921813	-8e-06
6.07002514269543e-09	0.084505074	0.0015554331	0.2894876	0.2898551	-8e-06
6.080036000233003e-09	0.08480725	0.0019593579	0.29009596	0.29046386	-8e-06
6.090046831170146e-09	0.08486072	0.0025085288	0.29067773	0.29104638	-8e-06
6.100053067141067e-09	0.084659204	0.0026392515	0.2912319	0.29160166	-8e-06
6.110014521397804e-09	0.08438688	0.0021912602	0.29175332	0.29212403	-8e-06
6.120025348852367e-09	0.08425254	0.0015150325	0.29224503	0.2926162	-8e-06
6.130036187495681e-09	0.08434991	0.0011165193	0.29270542	0.2930767	-8e-06
6.140046972798594e-09	0.08459769	0.0012094897	0.29313704	0.29350847	-8e-06
6.150053071589284e-09	0.084798925	0.0015742528	0.29354188	0.29391387	-8e-06
6.160014541565899e-09	0.084797435	0.0017789495	0.29391837	0.29429117	-8e-06
6.1700253466197726e-09	0.084605284	0.0015917348	0.294268	0.29464144	-8e-06
6.180036180801468e-09	0.084388904	0.0011371317	0.2945875	0.2949612	-8e-06
6.1900470317927146e-09	0.08432546	0.0007414344	0.29487768	0.29525152	-8e-06
6.200053086910183e-09	0.08445886	0.000639141	0.2951404	0.29551437	-8e-06
6.210014633200983e-09	0.08467267	0.00078661024	0.29537603	0.29575032	-8e-06
6.2200255124246965e-09	0.0847953	0.0009533731	0.29558706	0.2959617	-8e-06
6.23003636761921e-09	0.08473225	0.0009331409	0.29577184	0.29614684	-8e-06
6.240047224837317e-09	0.084543645	0.000691241	0.2959299	0.29630512	-8e-06
6.250053098975014e-09	0.084388934	0.0003696681	0.29606143	0.29643673	-8e-06
6.260014762958853e-09	0.08439334	0.00016243776	0.296167	0.29654232	-8e-06
6.270025595559294e-09	0.08454885	0.00015211612	0.29624876	0.29662412	-8e-06
6.280036456159667e-09	0.08472241	0.0002557838	0.29630682	0.2966823	-8e-06
6.290047321070285e-09	0.08476907	0.00030442505	0.29634154	0.2967171	-8e-06
6.300053104809766e-09	0.08465493	0.00019464662	0.29635283	0.29672846	-8e-06
6.310014868413229e-09	0.08448302	-2.9186607e-05	0.2963408	0.2967164	-8e-06
6.3200257335076345e-09	0.0843986	-0.00023831199	0.29630598	0.2966815	-8e-06
6.330036578922437e-09	0.08446908	-0.00033180614	0.29624948	0.29662484	-8e-06
6.340047405118102e-09	0.08462779	-0.0003118061	0.29617196	0.29654723	-8e-06
6.350053107055668e-09	0.08473628	-0.00026745896	0.29607406	0.29644924	-8e-06
6.3600148542873095e-09	0.08470525	-0.00029384505	0.29595658	0.29633167	-8e-06
6.370025749987173e-09	0.08456766	-0.00041903864	0.2958186	0.29619354	-8e-06
6.3800366151107485e-09	0.0844456	-0.00058963755	0.2956612	0.29603592	-8e-06
6.390047519350984e-09	0.08444029	-0.00071864884	0.29548508	0.29585958	-8e-06
6.400053117661928e-09	0.08454715	-0.0007584875	0.2952912	0.2956654	-8e-06
6.410014890637548e-09	0.08466748	-0.0007371402	0.295081	0.29545498	-8e-06
6.420025792807321e-09	0.084700085	-0.0007276469	0.2948531	0.2952268	-8e-06
6.43003672074667e-09	0.08462245	-0.00078606285	0.29460877	0.29498225	-8e-06
6.440047538124779e-09	0.0845058	-0.0009055215	0.2943485	0.29472166	-8e-06
6.450053120643873e-09	0.08444932	-0.0010264349	0.2940731	0.2944459	-8e-06
6.460014907818182e-09	0.08449476	-0.0010921869	0.2937845	0.29415694	-8e-06
6.470025769058486e-09	0.08459628	-0.0010977879	0.29348072	0.29385278	-8e-06
6.480036652415954e-09	0.0846635	-0.0010859395	0.2931637	0.29353538	-8e-06
6.490047581005655e-09	0.08464133	-0.0011064518	0.29283378	0.29320508	-8e-06
6.500053125648511e-09	0.08455408	-0.0011744364	0.29249173	0.29286268	-8e-06
6.510014960494129e-09	0.08447912	-0.0012635615	0.2921397	0.2925102	-8e-06
6.5200258094405e-09	0.084476665	-0.0013331856	0.29177502	0.29214513	-8e-06
6.530036644540826e-09	0.08454216	-0.0013593483	0.29140005	0.2917697	-8e-06
6.540047480614945e-09	0.08461409	-0.0013542929	0.29101536	0.29138458	-8e-06
6.550053117414607e-09	0.084630966	-0.0013536402	0.29062173	0.2909905	-8e-06
6.560014907038945e-09	0.08458299	-0.0013839615	0.29022133	0.29058966	-8e-06
6.570025803390167e-09	0.08451432	-0.0014412135	0.28981102	0.29017892	-8e-06
6.5800366418558925e-09	0.08448303	-0.0014967975	0.28939337	0.28976077	-8e-06
6.59004757725895e-09	0.084511094	-0.0015255648	0.288969	0.2893359	-8e-06
6.600053125926685e-09	0.08456923	-0.0015267998	0.2885388	0.28890523	-8e-06
6.610014893688e-09	0.084605716	-0.001520796	0.28810504	0.28847098	-8e-06
6.620025786700845e-09	0.08459181	-0.0015284431	0.28766415	0.28802964	-8e-06
6.630036619345154e-09	0.08454297	-0.0015546586	0.2872189	0.2875839	-8e-06
6.640047510041406e-09	0.08450246	-0.0015871332	0.28676993	0.28713438	-8e-06
6.650053115046822e-09	0.08450252	-0.0016090152	0.286318	0.28668195	-8e-06
6.660014904337592e-09	0.08453859	-0.0016130018	0.2858655	0.28622895	-8e-06
6.670025760842559e-09	0.084577546	-0.0016053363	0.28540865	0.2857716	-8e-06
6.6800366095574725e-09	0.08458676	-0.0015988327	0.28495032	0.2853128	-8e-06
6.690047474179758e-09	0.08456137	-0.001601924	0.284491	0.28485295	-8e-06
6.700053114785216e-09	0.0845255	-0.0016125964	0.28403148	0.28439292	-8e-06
6.710014859071299e-09	0.0845096	-0.0016216665	0.28357404	0.283935	-8e-06
6.7200256973034945e-09	0.08452472	-0.0016214203	0.283115	0.28347546	-8e-06
6.7300365454598825e-09	0.084555715	-0.0016114071	0.28265703	0.283017	-8e-06
6.740047403966701e-09	0.08457578	-0.0015975786	0.28220063	0.2825601	-8e-06
6.750053109179561e-09	0.084569834	-0.0015861606	0.28174648	0.28210545	-8e-06
6.760014815509314e-09	0.08454576	-0.0015788701	0.28129682	0.28165525	-8e-06
6.770025660721845e-09	0.08452518	-0.0015729372	0.28084782	0.2812058	-8e-06
6.780036537412006e-09	0.084525004	-0.0015644482	0.28040233	0.28075975	-8e-06
6.790047472248317e-09	0.0845438	-0.0015510812	0.27996054	0.28031757	-8e-06
6.8000531082726995e-09	0.08456495	-0.0015330879	0.27952322	0.27987972	-8e-06
6.8100148074176636e-09	0.08457166	-0.0015127276	0.27909225	0.2794483	-8e-06
6.820025625861194e-09	0.084560506	-0.0014924795	0.27866408	0.27901965	-8e-06
6.830036509681835e-09	0.08454279	-0.0014739744	0.27824125	0.27859634	-8e-06
6.840047380664701e-09	0.08453425	-0.0014565967	0.27782398	0.27817863	-8e-06
6.850053105436787e-09	0.084541686	-0.0014381236	0.27741298	0.27776712	-8e-06
6.86001473409946e-09	0.08455825	-0.0014165073	0.27700984	0.2773636	-8e-06
6.870025567326288e-09	0.08457054	-0.0013910811	0.27661124	0.27696452	-8e-06
6.880036385881096e-09	0.08456962	-0.0013634805	0.2762194	0.27657226	-8e-06
6.890047232876361e-09	0.08455825	-0.0013361555	0.2758346	0.276187	-8e-06
6.900053093686161e-09	0.0845475	-0.0013107007	0.2754573	0.2758093	-8e-06
6.910014700790314e-09	0.08454693	-0.0012866998	0.27508906	0.27544066	-8e-06
6.920025566610029e-09	0.084556974	-0.0012617223	0.27472678	0.2750779	-8e-06
6.9300363689286964e-09	0.084569305	-0.0012337454	0.27437225	0.274723	-8e-06
6.940047152702934e-09	0.08457448	-0.0012025349	0.27402577	0.27437615	-8e-06
6.950053089333403e-09	0.08456978	-0.0011701003	0.2736877	0.2740377	-8e-06
6.9600147272635046e-09	0.08456085	-0.0011391524	0.27335945	0.27370906	-8e-06
6.970025523325745e-09	0.0845562	-0.0011103804	0.27303803	0.27338728	-8e-06
6.9800363461294005e-09	0.08456013	-0.0010824926	0.2727252	0.27307412	-8e-06
6.990047095827257e-09	0.0845695	-0.0010529882	0.2724211	0.27276963	-8e-06
7.000053082102778e-09	0.08457691	-0.001020611	0.27212587	0.27247405	-8e-06
7.010014662871657e-09	0.08457732	-0.0009865081	0.27184078	0.27218863	-8e-06
7.0200254883295735e-09	0.08457184	-0.00095263985	0.27156317	0.27191073	-8e-06
7.030036311937005e-09	0.084566295	-0.0009207623	0.2712946	0.27164182	-8e-06
7.040047170339347e-09	0.08456602	-0.00089055044	0.27103502	0.27138194	-8e-06
7.050053087843827e-09	0.0845715	-0.000860245	0.27078462	0.27113122	-8e-06
7.060014592206716e-09	0.08457837	-0.00082836486	0.2705443	0.27089062	-8e-06
7.0700253795587975e-09	0.08458161	-0.0007944889	0.2703118	0.27065793	-8e-06
7.080036185089155e-09	0.08457958	-0.00076015096	0.27008843	0.2704343	-8e-06
7.0900470388328825e-09	0.08457513	-0.00072701456	0.26987416	0.27021974	-8e-06
7.100053076495418e-09	0.084572785	-0.00069565955	0.26966903	0.27001435	-8e-06
7.110014601989311e-09	0.08457483	-0.0006653318	0.2694737	0.2698188	-8e-06
7.120025358542931e-09	0.08457975	-0.0006343198	0.26928636	0.26963127	-8e-06
7.130036166278239e-09	0.08458377	-0.00060203683	0.26910797	0.26945266	-8e-06
7.140046927129443e-09	0.084584236	-0.000568998	0.26893848	0.26928297	-8e-06
7.150053070587975e-09	0.08458166	-0.00053641864	0.26877788	0.26912218	-8e-06
7.160014549696036e-09	0.084578924	-0.0005052958	0.26862672	0.2689708	-8e-06
7.170025364588111e-09	0.08457867	-0.00047526846	0.26848343	0.26882738	-8e-06
7.180036142025642e-09	0.084581286	-0.00044566602	0.26834878	0.26869255	-8e-06
7.190046909170976e-09	0.08458475	-0.0004156358	0.26822263	0.26856625	-8e-06
7.200053066344545e-09	0.08458652	-0.00038499216	0.26810497	0.26844844	-8e-06
7.210014496922661e-09	0.08458571	-0.000354397	0.2679961	0.26833948	-8e-06
7.220025278745493e-09	0.08458352	-0.00032438824	0.267895	0.26823822	-8e-06
7.230036103558168e-09	0.084582165	-0.0002955715	0.26780194	0.26814508	-8e-06
7.240046875046901e-09	0.0845829	-0.00026773443	0.267717	0.26806003	-8e-06
7.250053064016301e-09	0.084585175	-0.00024022022	0.26764	0.2679829	-8e-06
7.2600144507837385e-09	0.084587194	-0.00021258066	0.26757106	0.2679139	-8e-06
7.270025253260299e-09	0.084587544	-0.0001845484	0.2675095	0.26785225	-8e-06
7.280036091073406e-09	0.08458629	-0.00015679588	0.2674555	0.2677982	-8e-06
7.290046892453017e-09	0.08458473	-0.00012994825	0.26740897	0.26775157	-8e-06
7.300053063029276e-09	0.08458429	-0.00010422746	0.26736972	0.2677123	-8e-06
7.310014463902083e-09	0.0845853	-7.941375e-05	0.2673378	0.26768038	-8e-06
7.3200252798808046e-09	0.0845869	-5.4700475e-05	0.2673128	0.2676553	-8e-06
7.330036048099685e-09	0.084587805	-2.9862424e-05	0.2672947	0.2676372	-8e-06
7.340046819185911e-09	0.08458738	-5.046725e-06	0.2672834	0.26762587	-8e-06
7.3500530597550055e-09	0.08458612	1.9211173e-05	0.26727876	0.26762128	-8e-06
7.360014425565623e-09	0.084585175	4.2364398e-05	0.26728058	0.26762307	-8e-06
7.3700251842112295e-09	0.08458523	6.460061e-05	0.26728877	0.2676313	-8e-06
7.3800359512606485e-09	0.08458614	8.621752e-05	0.2673032	0.26764572	-8e-06
7.390046738285681e-09	0.08458703	0.00010770599	0.2673237	0.26766625	-8e-06
7.400053055578477e-09	0.084587134	0.00012919675	0.2673501	0.26769271	-8e-06
7.410014390637084e-09	0.084586374	0.00015030264	0.26738217	0.2677248	-8e-06
7.420025215905968e-09	0.08458536	0.0001707238	0.26742002	0.2677627	-8e-06
7.4300359414179615e-09	0.08458484	0.00019011537	0.26746336	0.26780605	-8e-06
7.440046753618071e-09	0.08458509	0.00020866613	0.26751202	0.26785478	-8e-06
7.450053057292406e-09	0.084585726	0.00022680094	0.26756588	0.26790872	-8e-06
7.460014363703146e-09	0.08458605	0.00024474898	0.2676245	0.2679674	-8e-06
7.47002514905607e-09	0.08458569	0.00026260555	0.26768827	0.26803127	-8e-06
7.480035957295401e-09	0.08458486	0.000279904	0.2677568	0.26809984	-8e-06
7.490046777263916e-09	0.084584124	0.00029630066	0.26782987	0.26817307	-8e-06
7.500053056247328e-09	0.08458391	0.0003117754	0.2679074	0.26825064	-8e-06
7.510014414768088e-09	0.08458417	0.00032656014	0.2679888	0.26833215	-8e-06
7.520025184510655e-09	0.084584475	0.00034114142	0.26807472	0.26841816	-8e-06
7.530035896554293e-09	0.08458436	0.00035553495	0.2681646	0.2685082	-8e-06
7.540046675406587e-09	0.084583804	0.00036952575	0.26825836	0.268602	-8e-06
7.550053051397485e-09	0.08458308	0.00038278918	0.2683557	0.26869947	-8e-06
7.560014327656836e-09	0.084582634	0.00039512874	0.2684561	0.26880002	-8e-06
7.570025142111205e-09	0.08458257	0.00040679227	0.26856032	0.26890436	-8e-06
7.580035906809097e-09	0.0845827	0.0004180037	0.26866782	0.26901194	-8e-06
7.59004670664879e-09	0.08458271	0.0004289496	0.2687783	0.2691226	-8e-06
7.600053055341919e-09	0.08458238	0.00043956915	0.26889166	0.2692361	-8e-06
7.610014369616549e-09	0.0845818	0.00044957895	0.2690073	0.26935184	-8e-06
7.620025145244883e-09	0.084581256	0.00045888225	0.2691261	0.26947075	-8e-06
7.63003591982823e-09	0.08458098	0.00046743324	0.26924732	0.26959217	-8e-06
7.640046668568056e-09	0.084580965	0.00047541579	0.26937082	0.26971585	-8e-06
7.65005304489428e-09	0.08458097	0.0004830257	0.26949647	0.26984164	-8e-06
7.660014349049547e-09	0.08458079	0.00049028615	0.26962358	0.26996887	-8e-06
7.670025151418457e-09	0.08458038	0.00049714284	0.26975316	0.27009863	-8e-06
7.680035971729129e-09	0.08457988	0.0005033733	0.2698845	0.27023005	-8e-06
7.690046733019558e-09	0.08457952	0.0005088993	0.27001733	0.2703631	-8e-06
7.700053051753203e-09	0.084579356	0.00051380426	0.2701516	0.2704975	-8e-06
7.710014394133409e-09	0.08457932	0.00051824056	0.2702865	0.2706326	-8e-06
7.720025164717334e-09	0.0845792	0.00052235107	0.2704233	0.2707695	-8e-06
7.730035891190116e-09	0.084578946	0.0005260827	0.270561	0.27090743	-8e-06
7.740046695988305e-09	0.08457855	0.00052931666	0.27069968	0.27104622	-8e-06
7.75005305168747e-09	0.08457819	0.0005319411	0.27083898	0.27118573	-8e-06
7.760014382595353e-09	0.08457796	0.0005339551	0.2709783	0.27132517	-8e-06
7.770025195581958e-09	0.08457785	0.00053548336	0.27111876	0.27146584	-8e-06
7.780035981253995e-09	0.08457776	0.0005366233	0.27125958	0.27160677	-8e-06
7.790046805591042e-09	0.0845776	0.0005374181	0.2714006	0.27174798	-8e-06
7.80005306145495e-09	0.08457733	0.00053780596	0.27154168	0.2718892	-8e-06
7.810014423473275e-09	0.08457704	0.0005376935	0.27168202	0.27202973	-8e-06
7.820025206501522e-09	0.08457679	0.00053704204	0.27182296	0.27217084	-8e-06
7.830036008015304e-09	0.08457664	0.00053588965	0.2719636	0.27231163	-8e-06
7.84004680178644e-09	0.08457654	0.00053433795	0.27210382	0.27245206	-8e-06
7.850053057510594e-09	0.08457644	0.00053245743	0.2722435	0.27259186	-8e-06
7.860014391754743e-09	0.08457629	0.00053025206	0.2723819	0.27273044	-8e-06
7.870025166518257e-09	0.08457606	0.0005276348	0.2725203	0.27286896	-8e-06
7.880035940620831e-09	0.08457586	0.0005245601	0.27265778	0.27300662	-8e-06
7.890046773412833e-09	0.08457569	0.00052102905	0.2727943	0.27314335	-8e-06
7.900053056466983e-09	0.084575586	0.00051710743	0.27292976	0.2732789	-8e-06
7.910014460450538e-09	0.08457552	0.0005128902	0.27306342	0.2734127	-8e-06
7.920025222892282e-09	0.08457542	0.0005083683	0.27319646	0.27354592	-8e-06
7.930036054721997e-09	0.08457529	0.0005035375	0.27332819	0.2736778	-8e-06
7.940046833527928e-09	0.08457513	0.00049834105	0.27345842	0.27380818	-8e-06
7.950053059327308e-09	0.08457499	0.00049276295	0.27358708	0.273937	-8e-06
7.960014468085487e-09	0.08457489	0.00048685708	0.27371356	0.2740636	-8e-06
7.970025233914074e-09	0.08457481	0.00048063457	0.27383894	0.2741891	-8e-06
7.980036066262574e-09	0.08457477	0.00047417442	0.27396253	0.27431285	-8e-06
7.990046835042151e-09	0.084574685	0.00046747507	0.2740842	0.27443472	-8e-06
