# t (s)	mx ()	my ()	mz ()	m_z_yrange7_ ()	I_x (A)
0	0.08394306	3.8444996e-05	-0.6549934	-0.65583736	-8e-06
1.0050518241354398e-11	0.083947815	0.00011483833	-0.65498066	-0.6558248	-8e-06
2.003967935888639e-11	0.08395672	0.00018703818	-0.6549479	-0.6557919	-8e-06
3.000988517474946e-11	0.083961874	0.0002553667	-0.6548954	-0.6557394	-8e-06
4.002825083462155e-11	0.08395933	0.00032152046	-0.6548235	-0.6556673	-8e-06
5e-11	0.08395292	0.0003873847	-0.6547329	-0.6555766	-8e-06
6.002569598543479e-11	0.08394911	0.0004549281	-0.6546231	-0.65546674	-8e-06
7.004356245190836e-11	0.083951525	0.0005230782	-0.6544951	-0.65533864	-8e-06
8.00038575181606e-11	0.08395802	0.00058907806	-0.65434986	-0.65519327	-8e-06
9.002098542541402e-11	0.08396359	0.0006518642	-0.6541862	-0.6550295	-8e-06
1e-10	0.08396471	0.00071124954	-0.65400577	-0.65484893	-8e-06
1.1005001284909003e-10	0.083962284	0.0007701318	-0.653807	-0.6546499	-8e-06
1.2001237540639605e-10	0.08396013	0.0008297562	-0.65359324	-0.65443593	-8e-06
1.3002848137118384e-10	0.08396125	0.00089107594	-0.6533616	-0.6542041	-8e-06
1.4004459933021866e-10	0.08396568	0.0009520796	-0.65311354	-0.6539558	-8e-06
1.5e-10	0.08397079	0.0010102969	-0.6528509	-0.653693	-8e-06
1.600206908759717e-10	0.08397403	0.0010661059	-0.6525707	-0.65341246	-8e-06
1.7003633171269263e-10	0.08397485	0.0011205502	-0.65227467	-0.6531163	-8e-06
1.8005208275767623e-10	0.08397471	0.0011755475	-0.6519632	-0.6528044	-8e-06
1.9001498346395887e-10	0.08397567	0.0012316308	-0.6516378	-0.6524788	-8e-06
2e-10	0.08397871	0.001288351	-0.6512965	-0.6521371	-8e-06
2.1001559681272153e-10	0.08398311	0.0013441228	-0.65093887	-0.6517792	-8e-06
2.2003134902888345e-10	0.08398725	0.0013979974	-0.65056604	-0.6514061	-8e-06
2.300469946322288e-10	0.083990075	0.0014505866	-0.6501782	-0.6510179	-8e-06
2.4000989188592486e-10	0.08399173	0.0015029267	-0.64977765	-0.65061694	-8e-06
2.5e-10	0.083993256	0.0015563737	-0.6493612	-0.65020007	-8e-06
2.6001984069083965e-10	0.083995745	0.0016108166	-0.6489285	-0.64976704	-8e-06
2.7003551767030705e-10	0.0839994	0.0016651398	-0.64848125	-0.64931935	-8e-06
2.800510935468932e-10	0.0840036	0.0017185843	-0.64801913	-0.6488569	-8e-06
2.9001376067279083e-10	0.08400735	0.0017708604	-0.64754486	-0.6483821	-8e-06
3e-10	0.084010236	0.0018230542	-0.64705473	-0.64789164	-8e-06
3.1001580795463115e-10	0.08401253	0.0018759578	-0.64654845	-0.6473848	-8e-06
3.20027765854144e-10	0.08401497	0.0019296757	-0.6460275	-0.64686334	-8e-06
3.300397608797842e-10	0.08401813	0.0019838777	-0.6454917	-0.64632714	-8e-06
3.400516193507157e-10	0.08402193	0.002038	-0.64494103	-0.645776	-8e-06
3.5e-10	0.0840258	0.0020914157	-0.6443791	-0.6452135	-8e-06
3.6001668427864824e-10	0.084029235	0.0021450443	-0.64379835	-0.6446322	-8e-06
3.700275550294413e-10	0.08403208	0.0021989415	-0.64320284	-0.6440362	-8e-06
3.800380100427059e-10	0.08403472	0.00225348	-0.6425924	-0.6434251	-8e-06
3.9004820043554327e-10	0.084037565	0.002308652	-0.6419666	-0.6427988	-8e-06
4.0005310275878914e-10	0.0840408	0.002364157	-0.6413259	-0.64215755	-8e-06
4.100139352975768e-10	0.08404426	0.0024195106	-0.64067286	-0.64150393	-8e-06
4.2002395863162554e-10	0.084047645	0.0024751571	-0.64000124	-0.64083165	-8e-06
4.300340285496785e-10	0.0840507	0.0025309527	-0.63931406	-0.6401438	-8e-06
4.4004422120908033e-10	0.084053434	0.0025870935	-0.6386113	-0.6394404	-8e-06
4.5005282200712347e-10	0.08405604	0.0026436949	-0.63789296	-0.63872147	-8e-06
4.600119023143292e-10	0.084058695	0.0027004587	-0.6371627	-0.6379905	-8e-06
4.700222981965727e-10	0.08406155	0.002757808	-0.6364127	-0.6372398	-8e-06
4.800327728754087e-10	0.08406449	0.0028152645	-0.635647	-0.6364734	-8e-06
4.900432944397431e-10	0.08406737	0.002872702	-0.63486534	-0.63569105	-8e-06
5.00052777545017e-10	0.08407001	0.0029301136	-0.6340679	-0.6348928	-8e-06
5.10011625007499e-10	0.084072374	0.0029873112	-0.6332586	-0.6340828	-8e-06
5.200220982765418e-10	0.084074564	0.0030449785	-0.6324291	-0.6332526	-8e-06
5.300325321217972e-10	0.08407678	0.003102783	-0.63158387	-0.63240653	-8e-06
5.40042930676704e-10	0.08407915	0.0031605398	-0.6307226	-0.6315445	-8e-06
5.500527308396836e-10	0.08408162	0.0032179863	-0.6298455	-0.6306666	-8e-06
5.600108359575865e-10	0.08408401	0.0032746596	-0.6289572	-0.62977755	-8e-06
5.700210581261402e-10	0.084086165	0.00333114	-0.6280487	-0.6288682	-8e-06
5.800312266216185e-10	0.084088065	0.0033872216	-0.6271246	-0.6279432	-8e-06
5.900413801746904e-10	0.08408987	0.003442942	-0.626185	-0.62700284	-8e-06
6e-10	0.084091775	0.0034978748	-0.6252352	-0.62605214	-8e-06
6.100433512100482e-10	0.08409388	0.003552483	-0.62426215	-0.6250783	-8e-06
6.200006769433431e-10	0.08409609	0.0036055709	-0.6232828	-0.624098	-8e-06
6.300107026569295e-10	0.08409819	0.003657755	-0.62228376	-0.6230981	-8e-06
6.400206723753338e-10	0.08410008	0.003708772	-0.6212704	-0.62208396	-8e-06
6.5e-10	0.08410185	0.0037585131	-0.62024635	-0.62105906	-8e-06
6.600098111838471e-10	0.08410371	0.0038071994	-0.6192058	-0.6200175	-8e-06
6.700197730815197e-10	0.084105805	0.0038544412	-0.6181521	-0.61896294	-8e-06
6.800297629124185e-10	0.08410812	0.0038999403	-0.6170857	-0.6178956	-8e-06
6.900397538077956e-10	0.08411052	0.0039434894	-0.6160072	-0.6168162	-8e-06
7.000000000000001e-10	0.08411284	0.003984827	-0.6149224	-0.6157306	-8e-06
7.100038799713474e-10	0.08411513	0.004024362	-0.6138219	-0.61462915	-8e-06
7.200139073165406e-10	0.084117524	0.0040619	-0.61271024	-0.6135165	-8e-06
7.300239281358136e-10	0.084120154	0.004097255	-0.61158866	-0.61239403	-8e-06
7.400339698605164e-10	0.08412311	0.004130177	-0.61045784	-0.6112623	-8e-06
7.500000000000001e-10	0.084126316	0.0041603134	-0.6093237	-0.6101271	-8e-06
7.60018677498384e-10	0.08412966	0.0041878563	-0.6081756	-0.60897815	-8e-06
7.70028739095269e-10	0.08413307	0.004212621	-0.6070215	-0.60782313	-8e-06
7.800387650775675e-10	0.08413663	0.0042346525	-0.6058612	-0.6066618	-8e-06
7.900488289445475e-10	0.084140465	0.0042538857	-0.60469526	-0.605495	-8e-06
8.000000000000001e-10	0.08414466	0.0042700893	-0.6035318	-0.6043304	-8e-06
8.1001425242832e-10	0.08414923	0.004283297	-0.6023571	-0.6031547	-8e-06
8.200242861335921e-10	0.08415406	0.0042933226	-0.6011798	-0.6019764	-8e-06
8.300343266988866e-10	0.0841591	0.004300211	-0.60000044	-0.60079604	-8e-06
8.400444059451881e-10	0.08416433	0.004304045	-0.59881973	-0.5996144	-8e-06
8.500000000000002e-10	0.084169775	0.0043048793	-0.59764516	-0.5984387	-8e-06
8.600116442370772e-10	0.0841756	0.0043027145	-0.59646446	-0.5972569	-8e-06
8.700216833945635e-10	0.0841818	0.0042975196	-0.5952851	-0.5960765	-8e-06
8.80031710353108e-10	0.08418831	0.0042893146	-0.5941079	-0.59489816	-8e-06
8.900417684829916e-10	0.08419503	0.004278215	-0.5929336	-0.59372276	-8e-06
9.000000000000002e-10	0.08420188	0.004264451	-0.59176904	-0.5925571	-8e-06
9.100195037422312e-10	0.084208906	0.004248031	-0.5906017	-0.5913886	-8e-06
9.200295693933753e-10	0.08421617	0.004229184	-0.5894406	-0.59022623	-8e-06
9.30039609215988e-10	0.084223695	0.004208024	-0.5882852	-0.5890697	-8e-06
9.40049671604302e-10	0.084231414	0.0041846796	-0.5871362	-0.5879196	-8e-06
9.500000000000002e-10	0.0842392	0.004159474	-0.586001	-0.5867831	-8e-06
9.600146384195807e-10	0.08424707	0.0041322988	-0.5848659	-0.58564675	-8e-06
9.700247400543552e-10	0.08425495	0.004103543	-0.5837392	-0.5845189	-8e-06
9.80034849290186e-10	0.084262885	0.004073418	-0.582621	-0.58339936	-8e-06
9.900449862479955e-10	0.08427086	0.004042115	-0.5815113	-0.58228844	-8e-06
1.0000000000000003e-09	0.08427882	0.0040099933	-0.58041674	-0.5811927	-8e-06
1.0100122871941456e-09	0.08708972	0.0032908516	-0.578875	-0.579646	-8e-06
1.0200224794327063e-09	0.08823195	0.00040629407	-0.57731485	-0.578083	-8e-06
1.0300326986010008e-09	0.08695025	-0.0018042601	-0.5757486	-0.57651675	-8e-06
1.040042914217899e-09	0.08447064	-0.0014832708	-0.5741648	-0.5749335	-8e-06
1.0500000000000003e-09	0.08281899	0.00081745995	-0.5725519	-0.573319	-8e-06
1.0600107823625702e-09	0.08323157	0.0029729498	-0.57089144	-0.5716549	-8e-06
1.0700210722541956e-09	0.08526136	0.003337332	-0.56919956	-0.56995934	-8e-06
1.0800314000713316e-09	0.08715343	0.0019925272	-0.5674832	-0.5682408	-8e-06
1.0900417498190582e-09	0.08737169	0.00035256337	-0.5657484	-0.56650466	-8e-06
1.1000000000000003e-09	0.08586218	-0.00018370291	-0.56400084	-0.56475574	-8e-06
1.1100392025386346e-09	0.083957896	0.0006871367	-0.5622139	-0.562966	-8e-06
1.1200495980133834e-09	0.083255894	0.0021443798	-0.56040865	-0.5611576	-8e-06
1.1300073108954808e-09	0.08421878	0.0030546691	-0.55859065	-0.559337	-8e-06
1.1400177251695324e-09	0.08593475	0.0028877552	-0.5567362	-0.55748	-8e-06
1.1500000000000004e-09	0.0869297	0.0019646818	-0.5548588	-0.5556003	-8e-06
1.1600136757033804e-09	0.0864387	0.0011568298	-0.5529525	-0.5536911	-8e-06
1.1700241441520137e-09	0.08498723	0.0011125884	-0.55102855	-0.5517639	-8e-06
1.180034613030794e-09	0.0838398	0.0018273636	-0.5490894	-0.54982173	-8e-06
1.1900450708942217e-09	0.08389567	0.0027498542	-0.5471325	-0.5478622	-8e-06
1.2000000000000004e-09	0.08499193	0.0032027615	-0.54516244	-0.54588926	-8e-06
1.2100129377162545e-09	0.08614802	0.00294244	-0.543154	-0.54387724	-8e-06
1.2200234499935136e-09	0.08639775	0.0022840127	-0.54112387	-0.5418434	-8e-06
1.230033955325545e-09	0.085609674	0.0018196173	-0.5390802	-0.5397962	-8e-06
1.240044509846757e-09	0.084526435	0.0019494941	-0.537027	-0.53773946	-8e-06
1.2500000000000004e-09	0.08406074	0.002563896	-0.53497386	-0.5356827	-8e-06
1.2600126353147657e-09	0.08451741	0.0031754747	-0.53289324	-0.5335983	-8e-06
1.2700232243593796e-09	0.08542618	0.0033337513	-0.53079456	-0.53149563	-8e-06
1.2800338142858943e-09	0.085998334	0.002994449	-0.52867943	-0.5293762	-8e-06
1.2900444274446754e-09	0.08580519	0.0025030032	-0.5265548	-0.5272471	-8e-06
1.3000000000000005e-09	0.08508934	0.0022833566	-0.5244384	-0.52512616	-8e-06
1.310012671136636e-09	0.084475696	0.00249583	-0.522307	-0.5229906	-8e-06
1.3200233232131228e-09	0.08444345	0.0029547592	-0.52017033	-0.5208497	-8e-06
1.3300339922736126e-09	0.08494721	0.0033025832	-0.51802474	-0.5186997	-8e-06
1.3400446891800362e-09	0.08552557	0.0032902732	-0.5158707	-0.5165408	-8e-06
1.3500000000000005e-09	0.085716955	0.0029625923	-0.5137245	-0.5143898	-8e-06
1.3600129700307196e-09	0.085416645	0.0025941166	-0.5115667	-0.5122271	-8e-06
1.3700236935973916e-09	0.08491028	0.002481165	-0.50941217	-0.5100681	-8e-06
1.3800344126327828e-09	0.0846161	0.0027071435	-0.5072597	-0.5079113	-8e-06
1.390045122732673e-09	0.08474549	0.0030738234	-0.5051068	-0.5057541	-8e-06
1.4000000000000005e-09	0.08515624	0.0032681029	-0.50296384	-0.5036066	-8e-06
1.4100133854119614e-09	0.08550522	0.0031304187	-0.50080746	-0.50144565	-8e-06
1.4200241394703747e-09	0.08552181	0.0027795185	-0.4986542	-0.49928784	-8e-06
1.430034862441663e-09	0.08522231	0.0025123064	-0.49650618	-0.4971358	-8e-06
1.4400455972344923e-09	0.08487402	0.0025434932	-0.4943636	-0.4949894	-8e-06
1.4500000000000006e-09	0.08476363	0.0028191244	-0.49223593	-0.49285802	-8e-06
1.4600137050860459e-09	0.084962405	0.0030823525	-0.49009567	-0.49071398	-8e-06
1.4700244577719235e-09	0.08528697	0.0031012075	-0.48795542	-0.4885699	-8e-06
1.480035206789441e-09	0.08546614	0.0028726414	-0.48581594	-0.48642668	-8e-06
1.490045935658723e-09	0.08536974	0.0026066673	-0.4836787	-0.484286	-8e-06
1.5000000000000006e-09	0.085102886	0.0025289864	-0.48155543	-0.48215967	-8e-06
1.5100133189233092e-09	0.084893785	0.0026884286	-0.47941884	-0.4800201	-8e-06
1.5200226803696166e-09	0.08490686	0.002935207	-0.4772794	-0.47787762	-8e-06
1.53003206915948e-09	0.08511023	0.0030646955	-0.47513393	-0.47572917	-8e-06
1.5400414674992727e-09	0.08532019	0.002996683	-0.47298157	-0.47357383	-8e-06
1.5500000000000006e-09	0.08536402	0.0028296404	-0.47083274	-0.47142228	-8e-06
1.5600184747019797e-09	0.08521773	0.0027354474	-0.4686627	-0.46924955	-8e-06
1.5700279693801785e-09	0.08501011	0.0028145483	-0.46648422	-0.46706852	-8e-06
1.5800374523432532e-09	0.08490585	0.0030185163	-0.4642924	-0.46487427	-8e-06
1.590046938238815e-09	0.08497019	0.0032083346	-0.46208456	-0.46266395	-8e-06
1.6000000000000007e-09	0.08512504	0.0032781959	-0.4598714	-0.46044827	-8e-06
1.6100125600310786e-09	0.08522777	0.0032366614	-0.45762634	-0.45820063	-8e-06
1.6200221409293204e-09	0.085186794	0.0031839998	-0.45536277	-0.45593458	-8e-06
1.630031697286243e-09	0.085033454	0.0032224453	-0.45307913	-0.45364872	-8e-06
1.6400413056580817e-09	0.084885456	0.0033717135	-0.45077455	-0.4513418	-8e-06
1.6500000000000007e-09	0.08484515	0.003559617	-0.44845992	-0.44902486	-8e-06
1.660017234316594e-09	0.08491883	0.00369319	-0.44610947	-0.44667196	-8e-06
1.670026841919557e-09	0.08502052	0.003731108	-0.4437392	-0.4442993	-8e-06
1.680036487245534e-09	0.08504854	0.0037135892	-0.44134867	-0.44190645	-8e-06
1.6900461957696422e-09	0.08496995	0.0037172078	-0.43893978	-0.43949538	-8e-06
1.7000000000000007e-09	0.08484239	0.0037865145	-0.43652812	-0.4370815	-8e-06
1.7100123584189786e-09	0.08475723	0.003902657	-0.43408787	-0.43463898	-8e-06
1.7200220911012816e-09	0.08476673	0.0040042712	-0.4316359	-0.4321848	-8e-06
1.7300318481623896e-09	0.08484306	0.004042994	-0.42917398	-0.4297207	-8e-06
1.7400415857651727e-09	0.0849085	0.004019291	-0.42670512	-0.42724973	-8e-06
1.7500000000000008e-09	0.08490296	0.0039741793	-0.42424574	-0.42478824	-8e-06
1.7600513482800212e-09	0.0848305	0.003949755	-0.42176342	-0.42230386	-8e-06
1.7700084541010265e-09	0.08475231	0.0039581554	-0.4193075	-0.41984597	-8e-06
1.7800182302840313e-09	0.08472932	0.003976569	-0.4168445	-0.4173809	-8e-06
1.790028066277632e-09	0.08477542	0.003970435	-0.4143898	-0.41492414	-8e-06
1.8000000000000008e-09	0.08484817	0.003921307	-0.41195524	-0.4124876	-8e-06
1.8100464681459238e-09	0.08488966	0.003837563	-0.4095161	-0.4100464	-8e-06
1.820003638138021e-09	0.084873006	0.0037477904	-0.40711442	-0.4076427	-8e-06
1.8300135295269585e-09	0.084822334	0.0036748159	-0.40471798	-0.40524417	-8e-06
1.8400234233641239e-09	0.084787995	0.003623313	-0.4023412	-0.40286523	-8e-06
1.8500000000000008e-09	0.084803216	0.0035770352	-0.39999294	-0.40051478	-8e-06
1.8600045779269505e-09	0.0848587	0.0035133192	-0.39765975	-0.39817935	-8e-06
1.870014521716788e-09	0.08491375	0.0034216985	-0.395348	-0.3958652	-8e-06
1.8800244695442803e-09	0.08493184	0.003311453	-0.3930599	-0.39357466	-8e-06
1.8900344646783362e-09	0.08490999	0.0032038991	-0.3907963	-0.39130855	-8e-06
1.900000000000001e-09	0.084878124	0.0031158563	-0.38856775	-0.38907743	-8e-06
1.9100157990516477e-09	0.08487133	0.0030455904	-0.3863534	-0.38686046	-8e-06
1.9200258191086397e-09	0.08490159	0.0029770753	-0.38416585	-0.38467026	-8e-06
1.9300358673652545e-09	0.08494964	0.0028925056	-0.38200387	-0.3825056	-8e-06
1.940045974672644e-09	0.08498362	0.00278782	-0.37986764	-0.3803666	-8e-06
1.950000000000001e-09	0.084986046	0.002676316	-0.37776896	-0.37826523	-8e-06
1.960012824045989e-09	0.08496655	0.0025750815	-0.37568375	-0.3761773	-8e-06
1.970022942131747e-09	0.084951505	0.002493823	-0.37362465	-0.37411556	-8e-06
1.980033052531597e-09	0.0849613	0.002425569	-0.37159052	-0.37207884	-8e-06
1.9900432234292255e-09	0.08499408	0.0023546724	-0.36958054	-0.37006626	-8e-06
2.000000000000001e-09	0.08502911	0.002271395	-0.36760435	-0.36808753	-8e-06
2.010010870983259e-09	0.085045785	0.0021786212	-0.3656397	-0.36612046	-8e-06
2.0200210900302292e-09	0.08503937	0.002090914	-0.36369666	-0.364175	-8e-06
2.030031312433173e-09	0.08502399	0.0020207688	-0.36177373	-0.36224967	-8e-06
2.0400415894553634e-09	0.08501914	0.001969418	-0.35986918	-0.36034283	-8e-06
2.050000000000001e-09	0.08503308	0.0019274385	-0.35799095	-0.3584624	-8e-06
2.0600168725901953e-09	0.085057534	0.0018832281	-0.35611627	-0.35658547	-8e-06
2.0700271619374864e-09	0.08507534	0.0018340591	-0.35425544	-0.3547225	-8e-06
2.0800374752808024e-09	0.0850754	0.0017872393	-0.35240528	-0.35287017	-8e-06
2.090047794570625e-09	0.085061036	0.0017538476	-0.35056365	-0.3510264	-8e-06
2.100000000000001e-09	0.085046045	0.0017394975	-0.3487388	-0.3491994	-8e-06
2.1100142595740894e-09	0.08504212	0.00174017	-0.34690633	-0.3473648	-8e-06
2.120024637577872e-09	0.08504999	0.0017468159	-0.34507582	-0.34553212	-8e-06
2.13003501731886e-09	0.085059404	0.0017530171	-0.34324428	-0.3436984	-8e-06
2.1400454180566117e-09	0.08505865	0.0017600922	-0.34140947	-0.34186134	-8e-06
2.150000000000001e-09	0.08504438	0.0017749681	-0.3395795	-0.3400291	-8e-06
2.160013052867828e-09	0.08502322	0.0018039821	-0.33773118	-0.33817846	-8e-06
2.170023499140415e-09	0.085005865	0.0018471401	-0.3358737	-0.33631855	-8e-06
2.180033903266382e-09	0.08499772	0.001898603	-0.33400458	-0.33444697	-8e-06
2.1900443087011403e-09	0.08499511	0.0019515638	-0.33212203	-0.3325619	-8e-06
2.200000000000001e-09	0.084989354	0.0020030783	-0.33023506	-0.33067235	-8e-06
2.21001222265496e-09	0.08497428	0.0020562976	-0.32832122	-0.3287559	-8e-06
2.2200226563506402e-09	0.08495121	0.0021154424	-0.32639056	-0.32682246	-8e-06
2.2300330919966303e-09	0.08492715	0.002182445	-0.32444185	-0.324871	-8e-06
2.240043489047883e-09	0.08490865	0.002254644	-0.32247448	-0.32290083	-8e-06
2.250000000000001e-09	0.08489676	0.0023263134	-0.3204989	-0.32092237	-8e-06
2.260011469075869e-09	0.08488675	0.002394015	-0.31849346	-0.318914	-8e-06
2.27002184831638e-09	0.084873	0.0024566762	-0.31646952	-0.31688708	-8e-06
2.280032219048273e-09	0.08485351	0.002516565	-0.31442744	-0.31484205	-8e-06
2.290042642656599e-09	0.084831424	0.0025760026	-0.31236804	-0.3127796	-8e-06
2.300000000000001e-09	0.08481214	0.0026345344	-0.3103034	-0.31071195	-8e-06
2.310010711057352e-09	0.084798664	0.0026899597	-0.30821258	-0.3086182	-8e-06
2.3200210700010336e-09	0.08479003	0.002738384	-0.30610824	-0.30651084	-8e-06
2.330031403625809e-09	0.08478229	0.0027778794	-0.30399185	-0.30439144	-8e-06
2.3400417177124005e-09	0.08477221	0.002809135	-0.3018652	-0.30226177	-8e-06
2.350000000000001e-09	0.08475988	0.0028342847	-0.2997412	-0.30013478	-8e-06
2.3600033340423674e-09	0.08474821	0.0028553135	-0.29760098	-0.29799157	-8e-06
2.3700136532310023e-09	0.084740534	0.0028719704	-0.29545444	-0.2958421	-8e-06
2.3800238845220245e-09	0.08473783	0.0028825342	-0.2933049	-0.2936896	-8e-06
2.3900340915531078e-09	0.08473813	0.0028853961	-0.29115403	-0.2915358	-8e-06
2.4000000000000012e-09	0.08473834	0.0028806252	-0.2890129	-0.28939176	-8e-06
2.4100168873723515e-09	0.084736735	0.0028700484	-0.28686252	-0.28723845	-8e-06
2.4200271144509796e-09	0.08473407	0.002856208	-0.2847166	-0.28508955	-8e-06
2.4300373143421153e-09	0.08473269	0.0028406924	-0.28257477	-0.28294477	-8e-06
2.4400473718106695e-09	0.08473434	0.0028234785	-0.2804379	-0.28080493	-8e-06
2.4500000000000013e-09	0.08473872	0.0028037694	-0.27831882	-0.2786829	-8e-06
2.460013498039124e-09	0.08474379	0.0027809402	-0.27619284	-0.27655384	-8e-06
2.470023465405362e-09	0.08474736	0.002756125	-0.27407393	-0.27443188	-8e-06
2.4800334206323834e-09	0.08474881	0.0027314173	-0.27196142	-0.27231625	-8e-06
2.490043404638801e-09	0.0847493	0.0027087785	-0.26985514	-0.2702068	-8e-06
2.5000000000000013e-09	0.084750585	0.0026890717	-0.26776597	-0.26811442	-8e-06
2.510010558119727e-09	0.08475345	0.0026716208	-0.26567087	-0.26601607	-8e-06
2.5200205108824133e-09	0.084757045	0.0026557972	-0.2635807	-0.2639226	-8e-06
2.5300304504599967e-09	0.08475965	0.0026416413	-0.26149452	-0.261833	-8e-06
2.5400404007757254e-09	0.08476007	0.002630275	-0.25941148	-0.2597465	-8e-06
2.5500000000000013e-09	0.08475853	0.002623216	-0.25734106	-0.2576726	-8e-06
2.5600388112898476e-09	0.08475628	0.0026212682	-0.25525522	-0.25558323	-8e-06
2.5700487664743374e-09	0.08475451	0.0026242917	-0.25317535	-0.25349975	-8e-06
2.5800060124135016e-09	0.08475332	0.0026314144	-0.25110513	-0.25142592	-8e-06
2.590015935148278e-09	0.08475172	0.0026421396	-0.24902156	-0.24933858	-8e-06
2.6000000000000014e-09	0.08474854	0.0026566228	-0.24693954	-0.2472529	-8e-06
2.6100143009445537e-09	0.08474339	0.002675778	-0.24484627	-0.24515584	-8e-06
2.620024247772672e-09	0.08473687	0.0027002986	-0.2427476	-0.24305339	-8e-06
2.630034239859864e-09	0.084730074	0.002730255	-0.24064133	-0.24094336	-8e-06
2.640044202349758e-09	0.08472353	0.002765051	-0.23852621	-0.23882444	-8e-06
2.6500000000000014e-09	0.084716976	0.0028037827	-0.2364124	-0.23670693	-8e-06
2.660011419438752e-09	0.08470949	0.0028466694	-0.23427542	-0.23456617	-8e-06
2.670021429146286e-09	0.084700406	0.0028938877	-0.23212601	-0.23241302	-8e-06
2.6800314453429235e-09	0.08468978	0.0029460578	-0.22996259	-0.23024592	-8e-06
2.6900414601076065e-09	0.084678225	0.0030035055	-0.22778384	-0.22806358	-8e-06
2.7000000000000014e-09	0.08466645	0.003065728	-0.22559983	-0.22587605	-8e-06
2.7100426293673125e-09	0.08465436	0.0031331526	-0.22337943	-0.22365215	-8e-06
2.7200000101633764e-09	0.08464161	0.0032043476	-0.2211587	-0.22142807	-8e-06
2.730010064847233e-09	0.08462737	0.0032803856	-0.21890569	-0.21917176	-8e-06
2.7400201613148256e-09	0.08461135	0.0033612824	-0.21663068	-0.21689358	-8e-06
2.7500000000000015e-09	0.084593795	0.0034470789	-0.21433938	-0.21459913	-8e-06
2.760010665331853e-09	0.084575064	0.0035382323	-0.21201637	-0.21227312	-8e-06
2.7700207766191045e-09	0.08455552	0.00363403	-0.20966752	-0.20992136	-8e-06
2.7800308759884724e-09	0.084535025	0.0037338706	-0.20729151	-0.20754257	-8e-06
2.79004097548145e-09	0.08451316	0.0038372492	-0.20488717	-0.20513543	-8e-06
2.8000000000000015e-09	0.08448972	0.003943261	-0.20246592	-0.20271161	-8e-06
2.810011824890291e-09	0.08446448	0.004052656	-0.20000175	-0.20024481	-8e-06
2.8200219518690023e-09	0.08443804	0.0041642557	-0.19750705	-0.19774759	-8e-06
2.8300321326988465e-09	0.08441089	0.0042771455	-0.19498102	-0.19521904	-8e-06
2.8400422831382813e-09	0.084383376	0.004390134	-0.19242343	-0.19265898	-8e-06
2.8500000000000015e-09	0.084355645	0.004501418	-0.18984802	-0.19008109	-8e-06
2.86003289112807e-09	0.08432728	0.004611329	-0.18722205	-0.18745264	-8e-06
2.8700430557691173e-09	0.084298626	0.0047177984	-0.18457162	-0.18479975	-8e-06
2.8800005303319274e-09	0.08427018	0.0048195855	-0.18190603	-0.18213165	-8e-06
2.8900107044556165e-09	0.084242195	0.0049166586	-0.17919838	-0.17942145	-8e-06
2.9000000000000016e-09	0.08421537	0.0050070216	-0.17647016	-0.17669067	-8e-06
2.9100151938904655e-09	0.084189914	0.0050897943	-0.17371058	-0.17392845	-8e-06
2.920025340909433e-09	0.084165916	0.0051635043	-0.17093047	-0.17114565	-8e-06
2.9300354859881847e-09	0.08414353	0.005227179	-0.1681311	-0.16834351	-8e-06
2.9400456585071145e-09	0.084122986	0.0052799326	-0.16531548	-0.16552505	-8e-06
2.9500000000000016e-09	0.08410483	0.005320691	-0.16250268	-0.16270933	-8e-06
2.9600127749004013e-09	0.08408936	0.005349001	-0.15966392	-0.15986757	-8e-06
2.9700229249832857e-09	0.08407704	0.005363666	-0.15682021	-0.15702079	-8e-06
2.9800330596411232e-09	0.084068015	0.0053639137	-0.15397483	-0.15417223	-8e-06
2.990043190600072e-09	0.08406229	0.0053491984	-0.15113187	-0.15132602	-8e-06
3.0000000000000016e-09	0.0840599	0.0053194263	-0.14831068	-0.14850152	-8e-06
3.010010696278406e-09	0.08406095	0.005274178	-0.14548513	-0.14567262	-8e-06
3.020020862829609e-09	0.084065616	0.0052136136	-0.14267501	-0.14285913	-8e-06
3.030031006177529e-09	0.08407402	0.0051379083	-0.13988437	-0.1400651	-8e-06
3.0400411275246765e-09	0.08408605	0.005047448	-0.13711734	-0.13729472	-8e-06
3.0500000000000017e-09	0.08410131	0.004943478	-0.13439178	-0.13456586	-8e-06
3.0600046240753217e-09	0.084119566	0.004826002	-0.13168474	-0.13185556	-8e-06
3.070014731581976e-09	0.084140375	0.004696691	-0.12901066	-0.12917832	-8e-06
3.0800248220868413e-09	0.084163405	0.0045571243	-0.126374	-0.12653856	-8e-06
3.090034915551156e-09	0.0841883	0.0044089514	-0.12377721	-0.12393882	-8e-06
3.1000000000000017e-09	0.08421448	0.004254651	-0.121233724	-0.12139251	-8e-06
3.1100120020781626e-09	0.084241614	0.004094666	-0.118721545	-0.11887763	-8e-06
3.1200221171095734e-09	0.08426894	0.0039317166	-0.11625421	-0.11640771	-8e-06
3.1300321856718956e-09	0.08429593	0.0037677821	-0.11383166	-0.11398269	-8e-06
3.1400423043682583e-09	0.084322125	0.003604807	-0.11145381	-0.11160247	-8e-06
3.1500000000000017e-09	0.0843471	0.0034454227	-0.10913219	-0.109278604	-8e-06
3.1600394871911488e-09	0.084370874	0.0032890793	-0.10683472	-0.10697894	-8e-06
3.1700496141197006e-09	0.08439294	0.0031389324	-0.104585685	-0.10472782	-8e-06
3.1800070627612685e-09	0.08441301	0.0029964424	-0.10238814	-0.1025282	-8e-06
3.190017187318642e-09	0.08443109	0.0028611135	-0.100216724	-0.100354746	-8e-06
3.2000000000000018e-09	0.08444693	0.0027348676	-0.09808669	-0.09822269	-8e-06
3.210013978261227e-09	0.08446063	0.0026175412	-0.09598311	-0.096117094	-8e-06
3.22002413623415e-09	0.08447223	0.002509933	-0.09391091	-0.09404284	-8e-06
3.230034297414597e-09	0.08448178	0.0024121243	-0.09186661	-0.091996476	-8e-06
3.2400444352282133e-09	0.08448938	0.0023240773	-0.08984759	-0.08997534	-8e-06
3.250000000000002e-09	0.084495045	0.0022460222	-0.087862015	-0.08798766	-8e-06
3.2600118448129278e-09	0.08447056	0.0022251634	-0.085916504	-0.0860402	-8e-06
3.2700219894399303e-09	0.08446457	0.0023655938	-0.0839906	-0.08411214	-8e-06
3.2800321555509553e-09	0.084483385	0.002466329	-0.08208158	-0.08220069	-8e-06
3.29004234274065e-09	0.08451149	0.0023986045	-0.080188125	-0.080304824	-8e-06
3.300000000000002e-09	0.08452621	0.0021975115	-0.07831909	-0.07843341	-8e-06
3.3100058482896235e-09	0.08449317	0.0020506978	-0.07648325	-0.0765955	-8e-06
3.320016040251656e-09	0.084461465	0.0021792918	-0.074658945	-0.07476894	-8e-06
3.3300262554147106e-09	0.084456146	0.002400964	-0.07284473	-0.07295219	-8e-06
3.340036452631618e-09	0.08447714	0.0024895866	-0.071039796	-0.071144655	-8e-06
3.350000000000002e-09	0.08450454	0.00236399	-0.06925265	-0.06935495	-8e-06
3.360052225593464e-09	0.084495	0.0021683571	-0.06748544	-0.067585506	-8e-06
3.370009769791706e-09	0.08447052	0.0021740145	-0.06574451	-0.065842316	-8e-06
3.3800199705664638e-09	0.08445198	0.002314316	-0.06400275	-0.064098045	-8e-06
3.3900301453699663e-09	0.084454164	0.002430218	-0.062269147	-0.062361885	-8e-06
3.400000000000002e-09	0.084471986	0.0024099627	-0.060551237	-0.06064148	-8e-06
3.4100401396830485e-09	0.08447103	0.0023021258	-0.05885407	-0.05894216	-8e-06
3.4200503183923622e-09	0.08446218	0.0022937655	-0.05717211	-0.05725797	-8e-06
3.4300078207985544e-09	0.08445702	0.0023352823	-0.055508755	-0.055592217	-8e-06
3.440018061395843e-09	0.08446235	0.0023513518	-0.05384704	-0.0539281	-8e-06
3.450000000000002e-09	0.08447228	0.0023076038	-0.05220134	-0.05228014	-8e-06
3.4600133018595137e-09	0.08446371	0.002255553	-0.050583545	-0.05066042	-8e-06
3.4700235131966842e-09	0.08445339	0.002310082	-0.048978608	-0.049053438	-8e-06
3.4800337275876426e-09	0.08445643	0.002361145	-0.047385897	-0.04745849	-8e-06
3.490043940997296e-09	0.084474996	0.0023207506	-0.045806475	-0.04587682	-8e-06
3.500000000000002e-09	0.08449441	0.0021988687	-0.04424986	-0.04431815	-8e-06
3.510011578154409e-09	0.084489	0.0021033683	-0.042718757	-0.042785347	-8e-06
3.5200217909246133e-09	0.084473	0.0021685734	-0.041202474	-0.041267257	-8e-06
3.530032042551911e-09	0.084468335	0.0022645995	-0.039700087	-0.039762825	-8e-06
3.540042239535916e-09	0.08448535	0.0022564956	-0.03821218	-0.038272846	-8e-06
3.550000000000002e-09	0.08451218	0.0021234734	-0.03674723	-0.03680597	-8e-06
3.560011249449667e-09	0.08452026	0.0019827196	-0.035307992	-0.035365157	-8e-06
3.5700214803373102e-09	0.08451141	0.0020033256	-0.033883695	-0.03393922	-8e-06
3.58003166405943e-09	0.08450175	0.002093737	-0.032472845	-0.032526493	-8e-06
3.5900418930811354e-09	0.08450694	0.002122164	-0.031075208	-0.03112691	-8e-06
3.600000000000002e-09	0.084526084	0.0020363799	-0.029698053	-0.029747924	-8e-06
3.6100396840622483e-09	0.0845386	0.0019173537	-0.02833966	-0.02838799	-8e-06
3.620049929623624e-09	0.08453987	0.001921117	-0.026997188	-0.027043927	-8e-06
3.6300074650345717e-09	0.0845359	0.0019831907	-0.025671883	-0.025716823	-8e-06
3.6400177258825055e-09	0.08453655	0.0020082595	-0.024348903	-0.024391972	-8e-06
3.650000000000002e-09	0.08454454	0.00195538	-0.023038434	-0.023079704	-8e-06
3.6600136260201325e-09	0.0845496	0.0018863362	-0.021747386	-0.021787127	-8e-06
3.670023893165738e-09	0.08455082	0.001922099	-0.020463279	-0.020501414	-8e-06
3.680034114083481e-09	0.08455129	0.0019915022	-0.019183604	-0.019219909	-8e-06
3.6900443972074386e-09	0.08455435	0.0020121662	-0.017907277	-0.017941695	-8e-06
3.700000000000002e-09	0.084558725	0.001966004	-0.016640482	-0.016673073	-8e-06
3.7100120260221218e-09	0.08455749	0.001924226	-0.015381737	-0.015412731	-8e-06
3.7200222878519735e-09	0.08455251	0.001995097	-0.014122801	-0.014152123	-8e-06
3.730032552757685e-09	0.08454922	0.0020994944	-0.01286115	-0.012888563	-8e-06
3.7400428203086335e-09	0.08455079	0.0021473109	-0.011595548	-0.011620981	-8e-06
3.750000000000002e-09	0.084554255	0.0021196082	-0.010331926	-0.010355411	-8e-06
3.760010666840437e-09	0.084552445	0.0020916122	-0.0090675065	-0.009089255	-8e-06
3.770020922289135e-09	0.08454477	0.0021734096	-0.007795289	-0.0078152185	-8e-06
3.780031174726784e-09	0.084536	0.002301075	-0.006512893	-0.006530784	-8e-06
3.790041443428301e-09	0.08453083	0.002386745	-0.005219021	-0.00523476	-8e-06
3.800000000000002e-09	0.08452892	0.0023999775	-0.0039196205	-0.003933233	-8e-06
3.810026575117978e-09	0.08452567	0.00240028	-0.0026081402	-0.0026197762	-8e-06
3.820036873370726e-09	0.0845182	0.0024878115	-0.0012837632	-0.0012933544	-8e-06
3.830047148292952e-09	0.08450775	0.0026190258	5.771319e-05	5.0373936e-05	-8e-06
3.840004752007334e-09	0.08449721	0.0027242305	0.0014102459	0.0014052626	-8e-06
3.850000000000001e-09	0.084487736	0.0027752253	0.0027867318	0.002784131	-8e-06
3.8600158354278706e-09	0.084478915	0.002813587	0.0041772174	0.004176871	-8e-06
3.87002610974497e-09	0.084469035	0.0029178876	0.0055878893	0.005589868	-8e-06
3.880036412819219e-09	0.084457844	0.0030514265	0.0070210965	0.0070255892	-8e-06
3.890046709137892e-09	0.08444533	0.00316085	0.008477555	0.008484675	-8e-06
3.900000000000001e-09	0.08443133	0.003227257	0.009948991	0.009958731	-8e-06
3.910013577468682e-09	0.084416956	0.0032890332	0.011445745	0.011458024	-8e-06
3.920023873277234e-09	0.08440237	0.0034083447	0.012966318	0.012981186	-8e-06
3.930034160403269e-09	0.0843884	0.0035471264	0.014511976	0.014529589	-8e-06
3.9400444449301655e-09	0.08437459	0.0036560735	0.016082706	0.016103158	-8e-06
3.950000000000001e-09	0.08435937	0.003721189	0.017669117	0.017692376	-8e-06
3.960012088229605e-09	0.084343515	0.0037812192	0.019282002	0.019307971	-8e-06
3.970022348512307e-09	0.084326856	0.0038934534	0.020917974	0.020946667	-8e-06
3.980032629641442e-09	0.08431093	0.0040232306	0.02257701	0.022608534	-8e-06
3.990042889253766e-09	0.084296286	0.004122282	0.024258016	0.024292408	-8e-06
4e-09	0.08428194	0.004173957	0.025950199	0.02598741	-8e-06
4.010010783264862e-09	0.08426889	0.004212164	0.027664274	0.027704155	-8e-06
4.020021049368232e-09	0.08425572	0.0042912974	0.029394913	0.029437441	-8e-06
4.030031334658652e-09	0.08424311	0.0043845633	0.031140583	0.031185795	-8e-06
4.040041651919735e-09	0.084231846	0.004449733	0.032899	0.032946885	-8e-06
4.050001506074472e-09	0.08422186	0.0044690836	0.03465836	0.034708824	-8e-06
4.060010633691864e-09	0.08421549	0.0044689756	0.036428154	0.036481038	-8e-06
4.070020893848218e-09	0.08421077	0.0044974415	0.03820213	0.03825738	-8e-06
4.080031180806926e-09	0.08420734	0.0045325565	0.039977368	0.04003499	-8e-06
4.090041461911391e-09	0.08420516	0.0045399736	0.041750744	0.04181069	-8e-06
4.100001988833456e-09	0.0842042	0.004506027	0.043509953	0.04357215	-8e-06
4.110029064422693e-09	0.084207766	0.004453416	0.04526721	0.045331493	-8e-06
4.120039382877365e-09	0.084213756	0.004424481	0.04700935	0.04707567	-8e-06
4.130049675092255e-09	0.08422137	0.004397643	0.048736393	0.048804775	-8e-06
4.1400073205078e-09	0.08422997	0.004343109	0.050436318	0.05050672	-8e-06
4.1500538872998235e-09	0.084239274	0.004250016	0.052129973	0.052202344	-8e-06
4.160015729989315e-09	0.084252685	0.004143995	0.053780556	0.053854764	-8e-06
4.170026032894483e-09	0.08426775	0.004063377	0.05541224	0.055488266	-8e-06
4.180036348882581e-09	0.084283374	0.0039875205	0.05701487	0.057092737	-8e-06
4.190046661176775e-09	0.084299	0.0038871134	0.058586348	0.05866604	-8e-06
4.200053012761255e-09	0.0843144	0.003753079	0.060124002	0.06020549	-8e-06
4.210013665983199e-09	0.08433344	0.003610191	0.061615586	0.061698742	-8e-06
4.2200239821339916e-09	0.08435299	0.0034963833	0.06307848	0.063163295	-8e-06
4.230034313005207e-09	0.08437147	0.0033930263	0.06450443	0.06459093	-8e-06
4.2400446497583644e-09	0.08438842	0.0032719069	0.06589272	0.065980904	-8e-06
4.2500528660758725e-09	0.08440422	0.0031231798	0.06724243	0.06733223	-8e-06
4.260012383388177e-09	0.08442352	0.002969489	0.06854291	0.06863424	-8e-06
4.2700227035421885e-09	0.08444285	0.002846913	0.06981146	0.06990432	-8e-06
4.28003303252894e-09	0.08446011	0.002738375	0.07104183	0.07113622	-8e-06
4.29004337690094e-09	0.08447463	0.002617682	0.072234474	0.07233036	-8e-06
4.30005276788681e-09	0.08448727	0.002475345	0.07338969	0.07348704	-8e-06
4.310011317377121e-09	0.08450305	0.0023308971	0.07449909	0.074597806	-8e-06
4.320021664385714e-09	0.08451915	0.0022156036	0.07557858	0.07567867	-8e-06
4.330032033840256e-09	0.084533356	0.0021163523	0.07662355	0.076725006	-8e-06
4.340042378692378e-09	0.08454458	0.0020109355	0.07763513	0.07773792	-8e-06
4.350052691183564e-09	0.08455348	0.0018902918	0.078614384	0.07871848	-8e-06
4.360010451319846e-09	0.08456228	0.001764514	0.07955766	0.07966299	-8e-06
4.370020825518501e-09	0.084572956	0.0016488016	0.08047635	0.08058288	-8e-06
4.380031224679002e-09	0.08458444	0.0015522838	0.081366904	0.08147464	-8e-06
4.390041580537486e-09	0.08459457	0.0014699139	0.08223089	0.0823398	-8e-06
4.400001441647979e-09	0.08460197	0.0013918624	0.08306552	0.08317556	-8e-06
4.410007259457987e-09	0.08460761	0.0013105402	0.083880305	0.08399147	-8e-06
4.420017662549051e-09	0.084613405	0.0012267466	0.08467321	0.08478545	-8e-06
4.4300280742192185e-09	0.08461986	0.0011459187	0.085445344	0.08555867	-8e-06
4.44003845493395e-09	0.08462622	0.001074099	0.08619825	0.08631263	-8e-06
4.4500076646806014e-09	0.08463194	0.0010149749	0.08693039	0.08704579	-8e-06
4.4600203856021495e-09	0.0846371	0.0009661422	0.08764945	0.08776586	-8e-06
4.470030765278915e-09	0.08464169	0.00092187466	0.0883535	0.08847089	-8e-06
4.480041194120762e-09	0.08464547	0.0008762137	0.08904416	0.08916255	-8e-06
4.490051582057837e-09	0.084648415	0.0008285385	0.089722835	0.08984221	-8e-06
4.500053365764772e-09	0.08465099	0.0007847035	0.090390325	0.09051065	-8e-06
4.510015545199873e-09	0.08465384	0.00075176614	0.09104599	0.091167256	-8e-06
4.520025963725482e-09	0.084657304	0.00073111977	0.09169698	0.09181919	-8e-06
4.530036346257571e-09	0.08466077	0.0007175346	0.09234149	0.092464626	-8e-06
4.540046794287845e-09	0.08466324	0.0007036259	0.09298083	0.093104914	-8e-06
4.550053030100582e-09	0.084664255	0.00068702054	0.093616016	0.09374103	-8e-06
4.560013836780433e-09	0.084664404	0.0006723912	0.094245695	0.09437163	-8e-06
4.570024253167952e-09	0.08466501	0.0006662756	0.09487713	0.095003985	-8e-06
4.580034638303988e-09	0.08466679	0.00067097915	0.095508434	0.09563625	-8e-06
4.5900450279134285e-09	0.084669076	0.00068280625	0.096140936	0.09626968	-8e-06
4.60005289631374e-09	0.08467043	0.00069619424	0.09677568	0.09690537	-8e-06
4.610012716484952e-09	0.08467007	0.0007088212	0.09741094	0.09754158	-8e-06
4.620023133487372e-09	0.084668614	0.0007231678	0.098054156	0.09818576	-8e-06
4.630033562170341e-09	0.08466752	0.000743292	0.09870332	0.0988359	-8e-06
4.640043988677993e-09	0.08466753	0.0007713832	0.09935963	0.099493206	-8e-06
4.650052817310398e-09	0.084668085	0.000806259	0.10002421	0.10015879	-8e-06
4.66001193646551e-09	0.08466793	0.00084477285	0.10069495	0.10083053	-8e-06
4.6700223467653e-09	0.08466633	0.0008851543	0.10137978	0.101516426	-8e-06
4.68003273640763e-09	0.08466363	0.0009272366	0.102076456	0.10221414	-8e-06
4.690043190092579e-09	0.084660895	0.0009728839	0.102786124	0.10292488	-8e-06
4.700052759637656e-09	0.08465877	0.0010242045	0.10350985	0.103649735	-8e-06
4.710011278881737e-09	0.084656954	0.001081684	0.1042451	0.10438609	-8e-06
4.7200216577899715e-09	0.084654644	0.0011448574	0.105000615	0.10514276	-8e-06
4.730032103584109e-09	0.08465135	0.001211366	0.10577373	0.10591706	-8e-06
4.7400425218304255e-09	0.08464716	0.0012798049	0.10656562	0.10671015	-8e-06
4.750052706024188e-09	0.08464246	0.0013506543	0.10737738	0.10752316	-8e-06
4.760010671491511e-09	0.084637605	0.0014254473	0.10820574	0.108352795	-8e-06
4.770021098116753e-09	0.08463262	0.0015065761	0.10906058	0.10920893	-8e-06
4.7800315121249794e-09	0.08462739	0.0015934965	0.10993871	0.110088386	-8e-06
4.790041935727139e-09	0.08462169	0.0016844436	0.110841215	0.110992275	-8e-06
4.800000669360563e-09	0.08461519	0.0017771951	0.1117644	0.111916825	-8e-06
4.810001869474563e-09	0.08460767	0.0018724382	0.11271795	0.11287181	-8e-06
4.820012292201482e-09	0.0845993	0.0019712357	0.11369998	0.11385532	-8e-06
4.830022714411339e-09	0.08459055	0.0020749806	0.11471066	0.11486753	-8e-06
4.8400331220777165e-09	0.08458167	0.0021838045	0.11575103	0.11590942	-8e-06
4.850018310648625e-09	0.08457251	0.0022961681	0.11681931	0.11697928	-8e-06
4.860022420922647e-09	0.084562466	0.0024111208	0.11792113	0.11808272	-8e-06
4.870032854912349e-09	0.0845512	0.0025280444	0.11905611	0.11921935	-8e-06
4.880043280051871e-09	0.08453883	0.0026474246	0.12022443	0.12038933	-8e-06
4.890001040806092e-09	0.08452594	0.0027693682	0.12142043	0.12158702	-8e-06
4.9000535105573224e-09	0.08451269	0.0028958519	0.122662775	0.12283109	-8e-06
4.9100159093712945e-09	0.08449924	0.0030239231	0.12392929	0.12409936	-8e-06
4.920026376061901e-09	0.08448498	0.0031543528	0.1252379	0.12540975	-8e-06
4.9300367862716435e-09	0.08446964	0.0032857233	0.12658305	0.1267567	-8e-06
4.940047209659973e-09	0.08445324	0.0034177152	0.12796514	0.1281406	-8e-06
4.950053060561214e-09	0.08443616	0.0035503563	0.1293838	0.1295611	-8e-06
4.960014086706291e-09	0.08441884	0.0036832285	0.13083324	0.13101235	-8e-06
4.970024519899192e-09	0.08440123	0.0038173385	0.1323272	0.13250816	-8e-06
4.9800349545660404e-09	0.08438321	0.003951215	0.13385855	0.13404137	-8e-06
4.990045442638299e-09	0.08436459	0.0040837657	0.13542706	0.13561174	-8e-06
5.00005293103948e-09	0.08434531	0.0042140754	0.13703187	0.13721845	-8e-06
5.0100130449351416e-09	0.08432568	0.0043412196	0.13866507	0.13885352	-8e-06
5.020023462305008e-09	0.08430585	0.0044663856	0.14034198	0.14053233	-8e-06
5.03003390161004e-09	0.08428622	0.004588661	0.14205357	0.14224581	-8e-06
5.040044373852289e-09	0.08426688	0.0047072456	0.1437988	0.14399299	-8e-06
5.05005284578741e-09	0.08424774	0.0048209345	0.14557607	0.14577217	-8e-06
5.060012261626276e-09	0.08422882	0.004928161	0.14737532	0.14757335	-8e-06
5.070022677519906e-09	0.08421008	0.005029333	0.14921299	0.14941302	-8e-06
5.080033102093075e-09	0.08419199	0.0051235533	0.15107809	0.15128012	-8e-06
5.09004355648486e-09	0.084174894	0.0052104397	0.15296857	0.15317266	-8e-06
5.100052785538949e-09	0.08415904	0.0052892677	0.15488195	0.15508811	-8e-06
5.110011653054681e-09	0.08414455	0.0053587244	0.15680622	0.15701449	-8e-06
5.120022110072877e-09	0.08413126	0.005418571	0.15875839	0.15896888	-8e-06
5.1300326196760095e-09	0.08411931	0.0054677576	0.16072582	0.16093852	-8e-06
5.1400430727407465e-09	0.08410896	0.005505928	0.16270542	0.16292042	-8e-06
5.150052754106573e-09	0.08410051	0.0055328496	0.16469397	0.1649113	-8e-06
5.160011312926316e-09	0.08409419	0.0055481726	0.16667813	0.16689785	-8e-06
5.170021785439861e-09	0.08408998	0.0055516474	0.16867515	0.16889732	-8e-06
5.180032245687524e-09	0.08408788	0.005542779	0.17067125	0.17089593	-8e-06
5.190042738278373e-09	0.08408778	0.0055213827	0.172663	0.17289025	-8e-06
5.2000527306383196e-09	0.08408964	0.0054875454	0.17464685	0.17487669	-8e-06
5.210011055921551e-09	0.0840935	0.0054418296	0.17660932	0.17684181	-8e-06
5.2200215064373354e-09	0.08409946	0.0053841514	0.1785675	0.1788027	-8e-06
5.23003202696663e-09	0.08410742	0.0053150854	0.18050785	0.18074578	-8e-06
5.240042536019487e-09	0.0841172	0.0052349824	0.18242718	0.18266788	-8e-06
5.2500527162553085e-09	0.0841285	0.0051442613	0.18432243	0.1845659	-8e-06
5.260010890862303e-09	0.084141046	0.0050440365	0.18618114	0.1864274	-8e-06
5.270021409400768e-09	0.08415481	0.0049339947	0.18802014	0.18826921	-8e-06
5.280031952502894e-09	0.08416964	0.0048154634	0.1898271	0.19007897	-8e-06
5.29004245132378e-09	0.08418546	0.004689226	0.19159973	0.19185439	-8e-06
5.300052711772816e-09	0.084202036	0.0045559797	0.19333592	0.19359335	-8e-06
5.310010888862396e-09	0.08421904	0.0044171074	0.19502513	0.19528528	-8e-06
5.320021442525162e-09	0.084236376	0.0042718197	0.1966834	0.19694623	-8e-06
5.330032002130866e-09	0.08425377	0.004121573	0.19830032	0.1985658	-8e-06
5.3400425541828634e-09	0.0842712	0.003967134	0.19987461	0.20014267	-8e-06
5.350052717955105e-09	0.08428861	0.0038092225	0.20140515	0.20167574	-8e-06
5.360010973177721e-09	0.08430579	0.003649282	0.20288353	0.20315656	-8e-06
5.3700215495881514e-09	0.084322795	0.0034861513	0.20432451	0.2045999	-8e-06
5.380032156019612e-09	0.08433938	0.003321128	0.2057196	0.20599732	-8e-06
5.390042710663233e-09	0.08435543	0.0031546934	0.20706844	0.20734835	-8e-06
5.400052736980966e-09	0.08437092	0.002987342	0.2083706	0.20865262	-8e-06
5.410011192253196e-09	0.08438579	0.0028203884	0.20961963	0.20990367	-8e-06
5.420021775304727e-09	0.08440023	0.0026524777	0.21082848	0.21111445	-8e-06
5.430032398400428e-09	0.08441411	0.0024847765	0.21199049	0.21227832	-8e-06
5.440042974111618e-09	0.08442734	0.0023175317	0.2131058	0.21339536	-8e-06
5.450052758194821e-09	0.08443989	0.0021509936	0.21417448	0.2144657	-8e-06
5.460011529750585e-09	0.08445166	0.0019862421	0.21519178	0.21548457	-8e-06
5.470022197593214e-09	0.08446284	0.0018218204	0.21616852	0.2164628	-8e-06
5.48003282393877e-09	0.084473416	0.001658797	0.21709967	0.21739534	-8e-06
5.490043397996883e-09	0.08448341	0.0014973375	0.21798554	0.21828255	-8e-06
5.500052792159241e-09	0.08449279	0.0013375682	0.21882665	0.21912488	-8e-06
5.510011887650562e-09	0.084501475	0.0011803623	0.2196196	0.21991897	-8e-06
5.520022522499967e-09	0.084509544	0.0010242234	0.22037305	0.22067352	-8e-06
5.530033130465531e-09	0.08451701	0.0008700917	0.2210833	0.22138476	-8e-06
5.540043772188965e-09	0.08452391	0.00071807485	0.22175097	0.22205338	-8e-06
5.5500528215642374e-09	0.08453027	0.0005682729	0.22237653	0.22267981	-8e-06
5.560012234227234e-09	0.0845361	0.00042143822	0.22295797	0.22326203	-8e-06
5.570022845266154e-09	0.08454143	0.0002761206	0.22350174	0.22380655	-8e-06
5.5800334956308304e-09	0.08454622	0.00013310711	0.2240054	0.2243109	-8e-06
5.59004417503251e-09	0.084550485	-7.552703e-06	0.22446966	0.22477579	-8e-06
5.600052853024217e-09	0.08455426	-0.0001457879	0.22489502	0.2252017	-8e-06
5.610012542380143e-09	0.084557585	-0.00028093476	0.22528051	0.2255877	-8e-06
5.620023208653206e-09	0.08456053	-0.0004143395	0.22563067	0.22593832	-8e-06
5.6300338869086565e-09	0.08456306	-0.00054531294	0.22594412	0.22625212	-8e-06
5.640044531155978e-09	0.08456518	-0.0006738577	0.22622147	0.22652987	-8e-06
5.650052882546115e-09	0.08456687	-0.00079994154	0.22646335	0.22677207	-8e-06
5.660012877479904e-09	0.08456817	-0.0009230008	0.22666967	0.22697869	-8e-06
5.67002353754295e-09	0.08456916	-0.0010442556	0.22684313	0.22715235	-8e-06
5.680034219145727e-09	0.08456982	-0.0011630886	0.22698323	0.22729263	-8e-06
5.690044893503343e-09	0.084570184	-0.0012795154	0.2270907	0.22740021	-8e-06
5.7000529114166625e-09	0.08457025	-0.0013935291	0.22716613	0.22747573	-8e-06
5.71001310162377e-09	0.084570006	-0.0015046505	0.22721013	0.2275198	-8e-06
5.720023795414147e-09	0.084569484	-0.0016139912	0.22722377	0.22753343	-8e-06
5.7300345020374105e-09	0.084568694	-0.0017210017	0.22720739	0.22751705	-8e-06
5.740045181949501e-09	0.084567696	-0.0018256872	0.22716166	0.22747126	-8e-06
5.750052931414372e-09	0.08456648	-0.0019280352	0.2270872	0.2273967	-8e-06
5.760013363467164e-09	0.084565096	-0.002027639	0.22698525	0.22729464	-8e-06
5.7700240154323165e-09	0.084563464	-0.002125499	0.22685541	0.2271646	-8e-06
5.780034714295681e-09	0.08456163	-0.0022211222	0.22669876	0.22700778	-8e-06
5.790045418438623e-09	0.08455963	-0.002314517	0.2265159	0.22682467	-8e-06
5.8000529491984985e-09	0.08455747	-0.0024056637	0.22630757	0.22661605	-8e-06
5.810013502175397e-09	0.084555216	-0.0024942032	0.22607544	0.22638364	-8e-06
5.820024147462904e-09	0.08455281	-0.0025810087	0.22581784	0.22612572	-8e-06
5.830034825980145e-09	0.084550284	-0.0026656361	0.22553656	0.22584406	-8e-06
5.840045538455941e-09	0.08454763	-0.0027481026	0.22523214	0.22553921	-8e-06
5.850052959705227e-09	0.08454487	-0.0028283885	0.22490531	0.22521195	-8e-06
5.860013592891351e-09	0.084542036	-0.0029061667	0.22455823	0.22486441	-8e-06
5.8700242936671814e-09	0.08453912	-0.002982194	0.22418815	0.22449383	-8e-06
5.880034994139758e-09	0.08453615	-0.003056077	0.22379735	0.22410254	-8e-06
5.890045635718105e-09	0.08453312	-0.0031278126	0.22338647	0.22369108	-8e-06
5.900052965308056e-09	0.08453005	-0.0031973938	0.22295617	0.2232602	-8e-06
5.910013662163274e-09	0.08452693	-0.0032645282	0.22250913	0.2228125	-8e-06
5.920024352447388e-09	0.08452377	-0.0033298563	0.22204158	0.22234431	-8e-06
5.930035075812707e-09	0.08452059	-0.003393031	0.22155629	0.22185834	-8e-06
5.940045778355256e-09	0.08451742	-0.0034540482	0.2210539	0.2213552	-8e-06
5.950052977236791e-09	0.08451425	-0.0035128852	0.22053513	0.22083573	-8e-06
5.960013734981873e-09	0.0845111	-0.0035693021	0.220003	0.22030286	-8e-06
5.970024422394212e-09	0.084507935	-0.0036238225	0.21945292	0.219752	-8e-06
5.980035134840471e-09	0.08450479	-0.0036761467	0.2188882	0.21918646	-8e-06
5.990045789111758e-09	0.08450167	-0.0037262666	0.21830937	0.21860676	-8e-06
6.00005297623105e-09	0.08450053	-0.0037761712	0.21771652	0.21801305	-8e-06
6.010013664676716e-09	0.08484487	-0.0035903382	0.21696691	0.21726136	-8e-06
6.0200244271899195e-09	0.08498115	-0.002682208	0.21619372	0.21648684	-8e-06
6.030035123523561e-09	0.084813416	-0.0020000034	0.21540143	0.21569414	-8e-06
6.040045746801925e-09	0.08449598	-0.0021507002	0.21458651	0.21487856	-8e-06
6.0500529761623595e-09	0.08428814	-0.002966994	0.21374568	0.21403654	-8e-06
6.060013717497293e-09	0.08433635	-0.0037566575	0.21288347	0.21317253	-8e-06
6.070024388306051e-09	0.08457709	-0.0039392794	0.21199547	0.21228269	-8e-06
6.0800350835061155e-09	0.08479833	-0.003503532	0.21108995	0.21137574	-8e-06
6.090045769859955e-09	0.08481795	-0.0029260956	0.21016891	0.21045327	-8e-06
6.100052976823773e-09	0.08464055	-0.0027411804	0.2092328	0.20951596	-8e-06
6.1100136941419805e-09	0.084425904	-0.0031098216	0.2082851	0.20856693	-8e-06
6.120024380229375e-09	0.084330015	-0.003731265	0.20731556	0.20759591	-8e-06
6.130035025600433e-09	0.08440974	-0.004103409	0.20632985	0.2066083	-8e-06
6.14004571984602e-09	0.084587134	-0.003969976	0.20533152	0.20560794	-8e-06
6.150052974728525e-09	0.0847145	-0.003530121	0.20432483	0.20459954	-8e-06
6.160013667727703e-09	0.084696054	-0.0032289675	0.20331554	0.20358892	-8e-06
6.170024289128331e-09	0.08455492	-0.0033249243	0.20229271	0.20256469	-8e-06
6.1800349791465395e-09	0.08440148	-0.0037124562	0.20126058	0.20153084	-8e-06
6.1900456372050785e-09	0.08434825	-0.004057172	0.20022078	0.20048912	-8e-06
6.2000529610879835e-09	0.08443109	-0.0040981118	0.19917677	0.19944324	-8e-06
6.210013528356289e-09	0.08458055	-0.0038565444	0.19813567	0.19840038	-8e-06
6.220024163989027e-09	0.08467516	-0.0035674104	0.19708885	0.19735189	-8e-06
6.23003486500981e-09	0.084634885	-0.0034667945	0.19604214	0.19630352	-8e-06
6.24004547734839e-09	0.08449184	-0.0036147754	0.19499603	0.19525583	-8e-06
6.250052954161271e-09	0.08436595	-0.0038677284	0.19395192	0.19421005	-8e-06
6.260013490008968e-09	0.084361956	-0.0040001306	0.19291605	0.1931724	-8e-06
6.2700241315906135e-09	0.08447977	-0.0038968357	0.19188054	0.19213507	-8e-06
6.280034811133123e-09	0.08461643	-0.003644003	0.19085284	0.19110565	-8e-06
6.2900454779751805e-09	0.08465502	-0.003445465	0.18983452	0.1900858	-8e-06
6.3000529473663046e-09	0.08456732	-0.0034361652	0.18882659	0.18907645	-8e-06
6.310013438678042e-09	0.08443633	-0.003572003	0.18783396	0.18808235	-8e-06
6.320024049247786e-09	0.08437499	-0.0036889764	0.18684822	0.18709499	-8e-06
6.330034607740464e-09	0.08443193	-0.003651254	0.1858765	0.18612161	-8e-06
6.340045243796784e-09	0.084554434	-0.0034635123	0.18492097	0.18516457	-8e-06
6.35005293241577e-09	0.08463921	-0.0032497407	0.1839834	0.18422565	-8e-06
6.3600132949597615e-09	0.08462073	-0.0031350506	0.18306859	0.1833096	-8e-06
6.370023896111835e-09	0.08452306	-0.003146221	0.1821682	0.18240795	-8e-06
6.3800344915006995e-09	0.08443588	-0.0032049604	0.18128791	0.18152635	-8e-06
6.3900451140333465e-09	0.08443504	-0.0031956963	0.18042919	0.18066628	-8e-06
6.400052921169777e-09	0.08451911	-0.0030641658	0.17959385	0.17982967	-8e-06
6.410013187691632e-09	0.0846152	-0.002861517	0.17878687	0.17902155	-8e-06
6.420023792432508e-09	0.08464658	-0.0026894028	0.17800115	0.17823482	-8e-06
6.430034381689549e-09	0.084595345	-0.0026141529	0.17724119	0.17747387	-8e-06
6.440044980293249e-09	0.08451479	-0.0026101165	0.17650749	0.17673913	-8e-06
6.450052909469366e-09	0.084478326	-0.00259065	0.17580117	0.17603177	-8e-06
6.460013094065272e-09	0.084516145	-0.0024895826	0.17512637	0.175356	-8e-06
6.470023709756941e-09	0.08459494	-0.00231454	0.17447741	0.17470619	-8e-06
6.480034262698296e-09	0.08465033	-0.002133217	0.17385821	0.17408621	-8e-06
6.490044844319283e-09	0.08464301	-0.00200759	0.17326888	0.17349616	-8e-06
6.50005289887723e-09	0.08458806	-0.001944567	0.17270988	0.17293641	-8e-06
6.5100129243745436e-09	0.084537916	-0.0018987855	0.1721839	0.1724097	-8e-06
6.5200234956489786e-09	0.08453625	-0.0018149769	0.17168625	0.17191139	-8e-06
6.530034101154172e-09	0.084584445	-0.0016740501	0.17122005	0.1714446	-8e-06
6.5400446213668365e-09	0.08464247	-0.0015049432	0.17078547	0.17100947	-8e-06
6.550052879282087e-09	0.08466497	-0.0013567631	0.17038259	0.1706061	-8e-06
6.560012710958471e-09	0.08463913	-0.0012566044	0.17001295	0.17023602	-8e-06
6.570023276726264e-09	0.08459205	-0.0011879797	0.1696728	0.16989544	-8e-06
6.5800338073826184e-09	0.084566616	-0.0011106565	0.16936405	0.16958627	-8e-06
6.590044336125181e-09	0.08458468	-0.0009956714	0.16908668	0.16930857	-8e-06
6.600052860577968e-09	0.084630154	-0.00084972364	0.16884063	0.1690622	-8e-06
6.6100125214358785e-09	0.08466494	-0.00070588663	0.1686265	0.16884784	-8e-06
6.620023083450383e-09	0.08466277	-0.0005903854	0.16844185	0.16866298	-8e-06
6.6300336279193016e-09	0.0846294	-0.0005052308	0.1682874	0.16850832	-8e-06
6.640044178337086e-09	0.08459611	-0.00042809412	0.16816278	0.16838355	-8e-06
6.650052846804036e-09	0.08459143	-0.00033429026	0.1680676	0.16828826	-8e-06
6.660012405969049e-09	0.0846175	-0.00021739234	0.16800164	0.16822222	-8e-06
6.670022960992209e-09	0.084650956	-9.0382e-05	0.16796379	0.16818434	-8e-06
6.680033462587171e-09	0.08466363	2.4206936e-05	0.16795391	0.16817446	-8e-06
6.690044006499775e-09	0.08464686	0.000114948154	0.16797137	0.16819194	-8e-06
6.700052836229861e-09	0.084616974	0.00018923641	0.1680155	0.16823614	-8e-06
6.710012272065431e-09	0.08459958	0.0002652186	0.16808516	0.1683059	-8e-06
6.72002282376297e-09	0.08460743	0.000356792	0.16818045	0.16840132	-8e-06
6.73003337860699e-09	0.08463145	0.000460518	0.16830043	0.16852143	-8e-06
6.740043906293392e-09	0.084649794	0.000561056	0.1684444	0.1686656	-8e-06
6.7500528227809366e-09	0.08464706	0.0006451892	0.16861153	0.16883294	-8e-06
6.760012128316798e-09	0.0846266	0.00071245997	0.1688	0.16902167	-8e-06
6.770022666906538e-09	0.08460561	0.0007747572	0.16901085	0.16923279	-8e-06
6.7800332466971026e-09	0.08460043	0.0008434063	0.16924238	0.1694646	-8e-06
6.7900438230144094e-09	0.08461287	0.0009208035	0.16949375	0.1697163	-8e-06
6.800052819804592e-09	0.08462999	0.0009993305	0.16976413	0.16998704	-8e-06
6.81001209092987e-09	0.084636144	0.0010686393	0.17005119	0.17027445	-8e-06
6.820022601310364e-09	0.08462607	0.0011252961	0.17035687	0.17058054	-8e-06
6.83003314974034e-09	0.08460818	0.0011731539	0.1706788	0.17090288	-8e-06
6.840043714124931e-09	0.08459664	0.001220389	0.17101604	0.17124055	-8e-06
6.8500528085774754e-09	0.08459913	0.0012719892	0.17136763	0.17159261	-8e-06
6.8600119448809626e-09	0.08461111	0.0013257444	0.17173088	0.17195633	-8e-06
6.870022494163728e-09	0.08462092	0.0013757289	0.17210856	0.17233449	-8e-06
6.880033053664244e-09	0.084619604	0.0014165177	0.17249781	0.17272428	-8e-06
6.890043575293698e-09	0.084608145	0.0014483558	0.17289768	0.17312467	-8e-06
6.900052796874801e-09	0.08459577	0.0014759398	0.17330712	0.17353466	-8e-06
6.910011894189511e-09	0.084591724	0.0015038167	0.17372313	0.17395122	-8e-06
6.920022486091817e-09	0.08459782	0.0015332131	0.17414904	0.17437768	-8e-06
6.930033050534594e-09	0.08460748	0.0015609898	0.17458178	0.174811	-8e-06
6.9400435683996875e-09	0.08461186	0.0015831604	0.1750204	0.17525022	-8e-06
6.950052798963136e-09	0.08460715	0.001598026	0.17546386	0.17569429	-8e-06
6.960011864960208e-09	0.084597476	0.0016071979	0.17590906	0.1761401	-8e-06
6.970022432524954e-09	0.08459073	0.0016140781	0.1763596	0.17659125	-8e-06
6.980032964232101e-09	0.08459202	0.0016208573	0.17681234	0.1770446	-8e-06
6.990043537545413e-09	0.08459947	0.0016270409	0.17726636	0.17749926	-8e-06
7.0000527940445495e-09	0.08460628	0.0016301007	0.17772077	0.17795432	-8e-06
7.010011822564047e-09	0.084606886	0.0016278186	0.1781725	0.17840666	-8e-06
7.0200223512847495e-09	0.084601365	0.001620109	0.1786253	0.1788601	-8e-06
7.030032890117745e-09	0.08459498	0.0016089563	0.17907597	0.17931142	-8e-06
7.040043463515431e-09	0.08459338	0.001596599	0.1795238	0.17975987	-8e-06
7.050052789627045e-09	0.08459786	0.0015836994	0.17996795	0.18020466	-8e-06
7.060011762114458e-09	0.08460461	0.0015691406	0.18040553	0.18064286	-8e-06
7.070022329113988e-09	0.08460841	0.0015510358	0.18084031	0.18107827	-8e-06
7.080032914716674e-09	0.08460695	0.0015287104	0.18126932	0.18150789	-8e-06
7.090043467407117e-09	0.08460256	0.0015029832	0.18169188	0.18193106	-8e-06
7.100052794301441e-09	0.08459986	0.0014754545	0.18210731	0.18234709	-8e-06
7.110011793624714e-09	0.08460172	0.00144735	0.18251301	0.18275338	-8e-06
7.12002235992413e-09	0.08460701	0.0014182013	0.18291259	0.18315355	-8e-06
7.130032955949323e-09	0.08461195	0.0013870612	0.18330337	0.18354493	-8e-06
7.1400435417313425e-09	0.08461339	0.0013530372	0.18368489	0.18392698	-8e-06
7.150052801145224e-09	0.08461141	0.0013162789	0.18405652	0.18429919	-8e-06
7.160011912239491e-09	0.08460892	0.0012780045	0.1844161	0.18465929	-8e-06
7.170022502662205e-09	0.08460898	0.0012388406	0.1847669	0.18501063	-8e-06
7.180033082214582e-09	0.08461228	0.0011992103	0.18510662	0.18535087	-8e-06
7.190043642044464e-09	0.08461681	0.0011585521	0.18543494	0.18567966	-8e-06
7.200052804095356e-09	0.08461971	0.0011162229	0.18575144	0.18599665	-8e-06
7.210011959144587e-09	0.08461974	0.0010723694	0.18605441	0.18630007	-8e-06
7.22002254760559e-09	0.08461811	0.001027092	0.18634662	0.18659273	-8e-06
7.2300331084224984e-09	0.084617235	0.0009813115	0.18662629	0.18687281	-8e-06
7.240043692681324e-09	0.08461868	0.0009353487	0.18689314	0.18714006	-8e-06
7.250052808059566e-09	0.08462197	0.0008890328	0.18714696	0.1873943	-8e-06
7.2600120089372314e-09	0.08462507	0.0008422506	0.18738656	0.18763426	-8e-06
7.270022547724808e-09	0.084626324	0.0007944127	0.18761414	0.18786219	-8e-06
7.280033160661162e-09	0.08462566	0.0007460166	0.18782838	0.18807675	-8e-06
7.29004374814493e-09	0.08462454	0.00069748255	0.18802916	0.18827787	-8e-06
7.300052813698151e-09	0.08462462	0.00064908364	0.18821646	0.18846545	-8e-06
7.310012072791943e-09	0.08462643	0.0006010497	0.18838944	0.18863867	-8e-06
7.320022669540017e-09	0.08462893	0.00055274385	0.18854983	0.18879932	-8e-06
7.3300332626971115e-09	0.0846306	0.0005043644	0.18869674	0.18894646	-8e-06
7.340043861278496e-09	0.08463065	0.0004560577	0.18883023	0.18908015	-8e-06
7.350052822736e-09	0.08462967	0.00040806772	0.18895033	0.18920045	-8e-06
7.360012155626203e-09	0.08462897	0.00036078432	0.18905666	0.18930694	-8e-06
7.370022733460231e-09	0.084629506	0.00031374773	0.18915041	0.18940082	-8e-06
7.380033337849919e-09	0.08463104	0.00026716222	0.18923113	0.18948169	-8e-06
7.390043957478445e-09	0.084632516	0.00022105029	0.18929894	0.18954961	-8e-06
7.400052832899988e-09	0.08463295	0.00017553181	0.18935406	0.18960479	-8e-06
7.410012280202219e-09	0.08463225	0.00013095816	0.18939646	0.18964726	-8e-06
7.420022864876779e-09	0.08463125	8.696139e-05	0.18942676	0.18967761	-8e-06
7.430033435410984e-09	0.08463089	4.377385e-05	0.18944493	0.1896958	-8e-06
7.440043984444651e-09	0.084631465	1.3919671e-06	0.18945125	0.18970212	-8e-06
7.450052833501284e-09	0.08463239	-4.014492e-05	0.18944591	0.1896968	-8e-06
7.460012326986017e-09	0.08463289	-8.054028e-05	0.18942933	0.18968019	-8e-06
7.470022949221464e-09	0.08463249	-0.00012008985	0.18940158	0.1896524	-8e-06
7.480033591694345e-09	0.084631525	-0.00015853107	0.18936302	0.18961376	-8e-06
7.490044151962218e-09	0.08463069	-0.00019587477	0.18931393	0.18956459	-8e-06
7.500052845441248e-09	0.08463051	-0.00023214202	0.18925463	0.18950522	-8e-06
7.510012393881365e-09	0.08463086	-0.00026715596	0.18918584	0.18943629	-8e-06
7.520022977740369e-09	0.084631205	-0.00030118178	0.18910713	0.18935749	-8e-06
7.530033558559071e-09	0.084630996	-0.00033394276	0.18901922	0.18926941	-8e-06
7.540044167963787e-09	0.084630206	-0.00036537478	0.1889224	0.18917245	-8e-06
7.550052853461934e-09	0.08462926	-0.00039548406	0.18881707	0.18906696	-8e-06
7.560012487612861e-09	0.08462866	-0.00042418687	0.18870418	0.18895388	-8e-06
7.57002309144231e-09	0.08462856	-0.00045179506	0.18858293	0.18883243	-8e-06
7.580033714017045e-09	0.08462867	-0.00047811985	0.18845424	0.18870354	-8e-06
7.590044330649128e-09	0.084628545	-0.0005030677	0.18831848	0.1885676	-8e-06
7.600052861222948e-09	0.08462799	-0.00052655523	0.18817608	0.18842496	-8e-06
7.610012531337773e-09	0.08462717	-0.0005484787	0.18802816	0.1882768	-8e-06
7.620023131938157e-09	0.08462644	-0.0005691314	0.18787357	0.18812197	-8e-06
7.630033737846612e-09	0.08462605	-0.0005884567	0.18771349	0.18796165	-8e-06
7.64004437890364e-09	0.08462597	-0.00060644967	0.18754828	0.18779619	-8e-06
7.650052865047133e-09	0.084625885	-0.000623035	0.18737839	0.18762603	-8e-06
7.66001258681668e-09	0.08462557	-0.00063807296	0.18720502	0.18745239	-8e-06
7.670023171064322e-09	0.08462499	-0.0006517089	0.1870268	0.1872739	-8e-06
7.680033748577507e-09	0.08462436	-0.0006639133	0.18684505	0.18709186	-8e-06
7.690044350071844e-09	0.08462386	-0.00067476294	0.18666014	0.18690667	-8e-06
7.700052865980735e-09	0.08462364	-0.00068428507	0.1864725	0.18671875	-8e-06
7.710012607256791e-09	0.08462361	-0.00069244206	0.18628341	0.18652932	-8e-06
7.720023193197728e-09	0.08462349	-0.0006992413	0.18609132	0.18633696	-8e-06
7.730033751248097e-09	0.08462317	-0.00070461474	0.1858976	0.18614295	-8e-06
7.740044336378726e-09	0.0846227	-0.0007085974	0.18570262	0.18594769	-8e-06
7.750052858728442e-09	0.08462228	-0.00071126816	0.1855068	0.18575156	-8e-06
7.760012543015303e-09	0.08462206	-0.00071269437	0.18531142	0.18555589	-8e-06
7.770023156130622e-09	0.08462203	-0.0007129205	0.18511486	0.18535903	-8e-06
7.780033729145582e-09	0.084622055	-0.0007118941	0.18491848	0.18516235	-8e-06
7.790044309673637e-09	0.08462194	-0.00070957746	0.18472265	0.18496622	-8e-06
7.800052856802422e-09	0.08462172	-0.0007060047	0.1845277	0.18477097	-8e-06
7.810012546445966e-09	0.084621474	-0.00070128083	0.18433489	0.1845779	-8e-06
7.820023098491642e-09	0.08462132	-0.0006954385	0.18414259	0.18438528	-8e-06
7.83003372628617e-09	0.084621295	-0.00068854523	0.18395211	0.18419454	-8e-06
7.840044325602221e-09	0.084621385	-0.00068059424	0.18376374	0.18400589	-8e-06
7.85005285762977e-09	0.08462144	-0.0006715766	0.18357784	0.1838197	-8e-06
7.86001254148683e-09	0.08462141	-0.0006615531	0.18339552	0.18363711	-8e-06
7.870023178708748e-09	0.0846213	-0.00065049715	0.1832152	0.18345653	-8e-06
7.880033772508322e-09	0.084621266	-0.0006385352	0.18303813	0.18327919	-8e-06
7.890044335842934e-09	0.08462129	-0.0006257202	0.18286453	0.18310532	-8e-06
7.900052861121416e-09	0.08462141	-0.00061209314	0.18269467	0.18293524	-8e-06
7.910012587662323e-09	0.08462154	-0.0005977362	0.18252957	0.18276986	-8e-06
7.92002318886974e-09	0.08462162	-0.00058251095	0.18236774	0.18260781	-8e-06
7.930033755181074e-09	0.08462167	-0.0005665329	0.1822103	0.18245015	-8e-06
7.940044344225868e-09	0.0846217	-0.0005498705	0.18205741	0.18229702	-8e-06
7.950052860232065e-09	0.08462175	-0.0005326049	0.18190928	0.18214867	-8e-06
7.96001251845454e-09	0.08462185	-0.0005148747	0.18176673	0.18200593	-8e-06
7.970023119133335e-09	0.08462202	-0.0004965292	0.18162851	0.18186751	-8e-06
7.980033608908884e-09	0.08462218	-0.00047766542	0.18149549	0.1817343	-8e-06
7.990044193376538e-09	0.084622286	-0.00045831368	0.1813678	0.18160641	-8e-06
